OLIG2:
0.553783
3.61363
4.01386
4.46019
4.78173
7.63531
7.65096
9.02471
11.4887
13.2912
13.3206
15.692
16.5879
20.1941
---------------------------------------------------


PDPN:
1.53109
2.26121
8.77725
10.912
11.386
11.7784
12.0779
15.353
20.264
22.2571
23.4159
24.0353
28.7693
68.1121
---------------------------------------------------


POSTN:
9.7512
12.333
17.0697
19.2473
21.4299
21.7664
23.5382
24.3675
24.5338
27.7356
29.5762
37.5477
40.3659
42.6726
43.0852
---------------------------------------------------


MECOM:
0.0259936
0.0770113
0.165249
0.204102
0.234464
0.407728
0.504386
0.515899
0.579216
0.597696
4.39697
---------------------------------------------------


EZH2:
1.60279
1.78547
1.85749
1.98691
2.0424
2.07065
2.08812
2.10809
2.36556
2.47739
2.56435
3.1001
3.40726
5.49022
---------------------------------------------------


HIF1A:
4.2443
6.95936
13.1839
13.3075
14.7883
15.3003
16.5387
19.4809
21.0802
22.0742
23.1863
36.7542
40.1818
44.0543
---------------------------------------------------


BIRC5:
0.185497
0.327458
0.343978
0.417788
0.461621
0.514218
0.55878
0.618921
0.749676
0.764293
0.78191
0.902893
0.973733
1.09438
---------------------------------------------------


ID1:
2.86172
3.34575
5.07956
14.6818
16.8099
20.5368
20.8751
22.535
26.8583
26.9341
27.43
27.7678
28.3312
44.0076
---------------------------------------------------


ID2:
3.09752
4.75147
11.5959
14.4808
17.6143
18.078
20.0803
20.9345
21.0092
24.589
33.0046
38.5183
39.1623
60.2677
---------------------------------------------------


IGFBP2:
1.3558
8.87327
20.2866
21.5983
24.1357
25.4663
26.1344
29.8968
30.0747
42.6806
45.3124
67.7087
74.519
81.1859
---------------------------------------------------


ITGA6:
0.165431
0.530187
0.532591
0.676188
0.695185
1.0317
1.21692
1.41655
1.48517
1.76844
1.78932
2.08077
3.08428
3.13975
---------------------------------------------------


DANCR:
0.243848
0.276735
0.50761
1.5776
1.87576
1.9301
1.95342
2.04187
2.06382
2.43735
2.64238
4.20213
4.90777
6.84331
---------------------------------------------------


MET:
0.088464
0.15976
0.273775
0.471943
0.795866
1.68485
1.93246
3.33361
4.76574
6.35143
8.57831
11.2874
11.4256
13.5462
---------------------------------------------------


MYC:
0.00503344
0.0182481
0.0280069
0.0390327
0.0796731
0.2571
3.8313
4.41049
5.86122
10.1823
12.9821
15.7288
19.2141
33.8323
---------------------------------------------------


NOS2:
0.705618
1.1732
2.15401
2.28157
7.4207
10.4948
10.8782
13.0155
14.3395
14.5055
14.5473
19.2221
19.399
23.6486
30.7564
---------------------------------------------------


PDGFRA:
6.05455
9.362
11.7769
12.7002
15.463
17.0351
19.7281
21.4715
23.2624
24.5808
25.4284
26.5824
26.6285
39.8684
---------------------------------------------------


PI3:
0.242553
0.567813
1.0263
2.31618
6.13168
11.9255
13.916
15.3471
18.4195
22.3075
24.6438
25.3831
30.0848
30.5735
38.7819
---------------------------------------------------


TGFBR2:
3.1264
4.77961
5.20441
6.75832
6.96833
7.82987
8.28181
8.65261
9.8327
12.0074
13.1026
13.6333
17.4391
23.4479
29.6959
---------------------------------------------------


TNFAIP3:
0.555797
0.56969
0.713195
0.901996
1.37429
1.77908
2.65101
2.71655
4.34007
6.11911
8.31174
8.78024
9.27226
9.53325
13.1738
---------------------------------------------------


PROM1:
0.102821
0.141818
0.155715
0.186665
0.193485
0.198586
0.362475
0.431338
0.559497
0.622808
0.623632
0.795805
1.26173
1.27403
---------------------------------------------------


CD44:
9.07537
14.2421
14.9581
25.377
27.6867
30.3185
32.3823
35.5046
35.8914
36.9722
44.1333
55.4406
64.3674
77.5418
---------------------------------------------------


