OLIG2:
0.428781
1.73657
2.7338
4.31742
5.28086
6.3747
---------------------------------------------------


PDPN:
1.14549
1.31019
6.85652
8.53296
13.9331
14.5019
---------------------------------------------------


POSTN:
0.00529607
0.327549
1.39413
3.56993
3.73345
5.01852
---------------------------------------------------


MECOM:
0.0
0.133243
0.158253
0.179617
0.412719
0.876312
---------------------------------------------------


EZH2:
0.971217
1.386
1.9929
3.115
7.72741
7.81958
---------------------------------------------------


HIF1A:
1.05479
2.56809
5.27448
9.63595
9.74344
9.82483
---------------------------------------------------


BIRC5:
0.0
0.763428
0.816176
0.908372
5.00471
5.6351
---------------------------------------------------


ID1:
0.21048
0.840406
1.74968
5.29424
5.32225
7.06058
---------------------------------------------------


ID2:
1.52684
3.72336
3.79484
7.1423
7.58055
7.95287
11.4842
---------------------------------------------------


IGFBP2:
5.38341
5.77852
6.20465
6.97613
7.20511
15.722
---------------------------------------------------


ITGA6:
0.148286
0.257972
0.339201
0.919129
2.16254
2.55068
---------------------------------------------------


DANCR:
1.89674
3.84945
5.97133
7.29815
9.12716
11.8246
---------------------------------------------------


MET:
0.0694849
0.447265
4.75951
6.08971
9.20437
10.5801
11.821
12.9178
---------------------------------------------------


MYC:
0.567602
1.43047
2.84202
5.8248
10.0722
10.2224
---------------------------------------------------


NOS2:
3.15426
3.37113
3.75716
4.28187
4.51755
8.65216
10.3091
---------------------------------------------------


PDGFRA:
0.024536
2.16676
5.62392
7.06803
8.89957
9.14725
---------------------------------------------------


PI3:
0.00196982
0.0047192
0.0972835
0.112449
0.977957
1.66775
---------------------------------------------------


TGFBR2:
0.0
0.260615
0.574605
1.15506
1.15641
4.51727
5.68593
---------------------------------------------------


TNFAIP3:
0.0527737
0.0544216
0.0686257
0.505422
0.549476
0.754974
---------------------------------------------------


PROM1:
0.00965193
0.029579
0.130854
0.196234
0.463747
1.16135
---------------------------------------------------


CD44:
2.62373
3.65786
5.07886
6.21993
16.6082
17.8457
---------------------------------------------------


