BIRC5:
0.0736897
0.201708
0.239563
0.285553
0.773345
0.926705
1.58175
1.77807
1.85721
1.90518
---------------------------------------------------


DANCR:
0.0347416
0.0676499
0.0755679
0.0815806
0.0978657
0.102064
0.195216
0.210097
0.576174
4.51813
---------------------------------------------------


CD44:
0.151866
0.611787
0.692956
0.795655
0.873891
1.00367
1.05138
3.91403
5.52089
10.0054
---------------------------------------------------


MECOM:
0.354618
0.463304
0.69883
0.755417
1.06856
1.09302
1.46694
2.44234
3.09769
---------------------------------------------------


EZH2:
1.80023
3.62426
3.95106
4.35879
4.69451
5.26494
5.93278
9.12936
10.8142
22.097
---------------------------------------------------


HIF1A:
0.409536
1.16787
1.24833
1.60068
1.7749
3.64557
4.23637
4.40424
4.73117
6.23083
---------------------------------------------------


ID1:
0.421751
0.456703
0.506747
0.566802
0.678411
0.706867
0.759071
1.20044
1.32855
1.34674
---------------------------------------------------


ID2:
0.771192
1.10471
1.15962
1.20604
1.65083
1.69389
1.92675
2.18332
2.7948
2.80946
---------------------------------------------------


IGFBP2:
1.57063
3.73166
4.3563
5.11429
5.1758
8.40101
9.67932
10.1914
10.632
10.8538
---------------------------------------------------


ITGA6:
0.573828
0.610666
0.771549
1.08969
2.17182
2.18586
2.23762
2.853
3.4494
4.58656
---------------------------------------------------


MET:
0.00869407
0.0242443
0.0432906
0.0436088
0.0436465
0.0645811
0.0902661
0.105481
0.195564
0.242121
0.308683
0.569286
---------------------------------------------------


OLIG2:
0.202648
0.314966
0.31723
0.503804
1.23641
1.46045
2.00055
3.56781
5.2342
5.47873
---------------------------------------------------


PDPN:
0.443696
0.56259
0.733931
0.744732
1.42643
1.77496
2.15557
2.49043
3.34574
6.79327
---------------------------------------------------


POSTN:
1.56459
2.31878
2.59261
3.32114
3.74236
3.79169
5.62964
6.01813
8.88011
10.7278
---------------------------------------------------


MYC:
0.252364
0.312144
0.418256
0.587758
0.975887
1.05885
1.63042
1.9023
2.32191
16.3971
---------------------------------------------------


NOS2:
0.0786527
0.0880122
0.181124
0.286763
0.337866
0.38818
0.394873
0.521341
1.52629
1.55612
---------------------------------------------------


PDGFRA:
3.84663
3.92985
4.5731
4.7427
6.66268
7.53839
8.3484
9.09573
12.7032
14.1449
---------------------------------------------------


PI3:
0.0045205
0.0111653
0.0147905
0.0170088
0.0209783
0.0215827
0.031085
0.0346522
0.196179
0.727522
---------------------------------------------------


TGFBR2:
0.375575
0.736305
0.867713
1.0587
2.11479
2.49616
2.8193
2.82992
3.79671
4.00242
4.09359
6.70487
7.93635
---------------------------------------------------


TNFAIP3:
0.01244
0.0384837
0.0435935
0.0946173
0.228298
0.33255
0.361975
0.455287
0.562731
1.06742
---------------------------------------------------


PROM1:
0.878223
1.50601
3.4206
6.75959
9.38667
9.90001
11.2429
12.2907
12.3204
14.8821
---------------------------------------------------


