OLIG2:
15.724
17.5037
18.3323
21.4182
22.0005
22.7404
23.9363
24.6289
25.1481
25.6883
27.2589
27.8517
28.3088
29.7849
44.0711
55.7401
---------------------------------------------------


PDPN:
1.34288
3.26149
3.45611
4.04657
7.52828
8.57626
10.2318
14.1827
16.1149
24.1559
26.9227
27.1229
27.2183
28.9714
31.2183
31.9471
---------------------------------------------------


POSTN:
3.20771
4.51115
6.2684
6.66476
7.07311
7.74352
9.25816
9.82779
11.7842
12.5883
13.6997
14.3215
16.5097
19.8712
45.7156
60.9618
---------------------------------------------------


MECOM:
0.201247
0.387713
0.448011
0.556868
1.1664
1.35355
1.68382
2.07517
2.19582
2.34616
---------------------------------------------------


EZH2:
2.57187
4.96283
7.29694
8.1031
8.32364
10.3335
11.5065
13.3513
13.4426
15.3498
15.9017
16.6775
17.3657
19.3279
23.1398
32.871
---------------------------------------------------


HIF1A:
9.69401
12.0019
14.6548
15.4943
16.583
16.5864
17.9863
19.261
20.5835
21.5853
23.9222
23.9793
25.1501
26.8082
32.4331
42.6692
---------------------------------------------------


BIRC5:
0.716895
1.05369
1.21774
2.2889
2.90879
3.073
3.23701
3.3449
4.3639
5.57591
5.64951
5.77343
7.49065
7.6521
8.11267
10.2581
---------------------------------------------------


ID1:
5.19096
11.2856
13.4957
15.3664
19.289
20.4666
21.0474
21.6892
21.9234
22.1322
24.2835
24.6963
27.6519
27.6553
31.8916
46.2288
---------------------------------------------------


ID2:
7.07703
7.87373
12.5428
13.9269
14.9742
14.9796
15.7137
17.0218
17.6378
17.7995
20.4273
21.1355
21.8908
23.5603
27.7578
28.408
---------------------------------------------------


IGFBP2:
15.3754
17.4445
20.189
22.2912
23.0924
24.553
24.5627
26.2316
26.8681
28.2784
28.7816
29.4634
29.4743
32.7964
35.1394
65.5695
---------------------------------------------------


ITGA6:
2.123
2.24476
2.29931
3.23376
3.48448
3.82401
4.24615
4.30403
4.58571
5.1401
6.26086
6.30925
6.31149
6.78972
7.4904
9.55059
---------------------------------------------------


DANCR:
2.64155
3.02337
3.56836
3.75249
3.80857
4.91302
5.65001
7.65894
8.73394
9.54124
10.5864
10.7317
11.5164
13.4208
14.3751
17.6903
---------------------------------------------------


MET:
0.023783
0.0940884
0.0995865
0.154366
0.200574
0.21549
0.229248
0.288507
0.300083
0.31877
0.346906
0.811366
0.813972
0.845273
1.12398
1.31788
---------------------------------------------------


MYC:
4.87087
7.02801
7.29928
7.83949
8.56862
9.40293
10.9276
12.7185
12.7343
13.5876
14.9373
15.918
19.0613
19.6962
20.9027
33.1903
---------------------------------------------------


NOS2:
3.66011
3.86634
4.34045
6.27349
6.32535
8.70347
9.1042
10.3286
10.4222
12.0471
13.008
13.484
14.6107
16.8864
19.591
29.5829
---------------------------------------------------


PDGFRA:
22.5586
22.7016
24.7998
26.0667
26.1277
28.4295
28.5015
28.9734
29.9983
31.9188
33.8687
34.7781
35.2426
38.5149
38.9197
65.8656
---------------------------------------------------


PI3:
0.0571043
0.103305
0.405625
0.432984
0.441744
0.694045
0.733793
0.76225
1.18863
1.26363
1.45239
2.71697
2.79612
3.5324
5.7716
5.9456
---------------------------------------------------


TGFBR2:
1.49006
1.64637
4.22273
4.35795
5.71942
6.2339
6.86145
7.23348
8.92814
9.11254
10.8825
11.4516
11.9478
12.588
14.5406
16.2932
---------------------------------------------------


TNFAIP3:
0.263633
0.56102
0.582365
0.591669
0.903873
1.16067
1.53839
1.76942
1.98644
2.48488
2.7082
2.76811
2.84286
3.37284
3.71071
4.29717
---------------------------------------------------


PROM1:
0.957343
0.992677
1.72585
2.17304
2.40787
2.48215
2.99364
3.11365
4.19094
4.62455
5.14152
5.84656
6.20657
7.53362
8.41671
11.6068
---------------------------------------------------


CD44:
12.491
16.9524
18.9616
21.1131
21.9005
22.3369
23.8894
25.6587
25.7328
30.5867
31.0208
31.3674
32.2151
32.2997
35.9984
37.0328
---------------------------------------------------


