OLIG2:
0.0428532
0.123898
0.134814
0.172875
0.208533
0.221514
0.235785
1.01488
1.45755
1.47296
1.52874
2.21098
---------------------------------------------------


PDPN:
0.535555
0.588137
1.32433
1.35289
1.85303
2.24762
2.37255
2.4834
2.58093
2.90618
3.31192
3.42798
---------------------------------------------------


POSTN:
0.0
0.945978
1.50453
2.35539
2.49158
2.62841
3.63561
3.91025
5.02436
5.841
6.60734
6.73941
---------------------------------------------------


EZH2:
0.163581
1.29513
1.41576
1.71296
2.72731
3.5562
3.76186
3.79503
4.56228
5.20923
5.92305
6.70574
---------------------------------------------------


HIF1A:
2.07404
6.17704
6.77507
8.0577
11.3919
13.9449
14.1706
14.9666
15.4701
16.8024
21.462
---------------------------------------------------


BIRC5:
0.166582
0.199192
0.375485
0.397788
0.414306
0.433556
0.712614
0.777868
0.912614
1.52241
2.31041
---------------------------------------------------


ID1:
0.334431
0.354773
0.802115
0.968096
1.60775
1.63792
2.34836
2.8999
5.11458
5.19068
5.84068
7.99089
---------------------------------------------------


ID2:
0.338106
0.393218
0.441737
0.519874
0.598167
0.657308
1.74661
1.87924
3.46424
3.70246
8.11747
10.7471
---------------------------------------------------


IGFBP2:
1.4923
2.77304
10.7865
10.8858
12.0472
12.3564
15.1191
15.2295
15.2831
15.5205
21.864
---------------------------------------------------


ITGA6:
0.131126
0.157508
0.193456
0.272095
0.296424
0.392019
0.556249
0.835512
1.25255
1.3378
2.12284
---------------------------------------------------


DANCR:
0.0280899
0.0525796
0.0620765
0.0665324
0.0709999
0.0730128
0.0824409
0.114733
0.142863
0.166675
0.260463
2.10953
---------------------------------------------------


MET:
0.0
0.1757
0.175743
0.195136
0.288055
0.32013
0.359139
0.421985
0.516915
0.544625
0.683174
1.3216
---------------------------------------------------


MYC:
0.450084
0.512397
1.32507
2.06408
2.15594
3.18153
3.32562
3.58558
3.97143
4.19031
4.63315
4.76825
---------------------------------------------------


NOS2:
0.0357402
0.0405971
0.0436005
0.0996153
0.110044
0.123431
0.159308
0.238966
0.347656
0.388698
0.704761
1.43196
---------------------------------------------------


PDGFRA:
0.0342005
0.0509341
0.0541147
0.231374
0.382206
0.784798
1.14143
1.18489
1.33983
1.56155
1.64403
1.86894
---------------------------------------------------


PI3:
0.0359516
0.0456655
0.094024
0.0993344
0.161592
0.172316
0.331303
0.859113
0.872532
1.12074
1.15243
1.77441
---------------------------------------------------


TGFBR2:
0.0
1.36557
2.55039
2.59476
4.14819
4.39535
4.63026
4.82808
4.92415
6.92992
---------------------------------------------------


TNFAIP3:
0.151971
0.268672
0.309335
0.434187
0.509713
0.513795
0.848859
1.42117
1.63623
1.71977
2.59843
9.39109
---------------------------------------------------


PROM1:
0.0130968
0.0285628
0.032519
0.0529973
0.0689932
0.077029
0.0844055
0.0901005
0.107793
0.108853
0.113475
0.343122
---------------------------------------------------


CD44:
0.0
2.25344
2.53354
7.29781
8.91244
9.71521
14.6232
16.8103
17.4726
18.8009
26.147
---------------------------------------------------


