OLIG2:
7.944
9.05321
14.3442
19.3351
26.2739
25451.6
---------------------------------------------------


PDPN:
0.454979
0.681581
0.757707
1.02589
2.104
1810.87
---------------------------------------------------


POSTN:
2.61475
3.10689
3.23832
4.311
4.58161
5935.4
---------------------------------------------------


MECOM:
0.100548
0.320309
0.775304
---------------------------------------------------


EZH2:
2.07222
2.66352
3.00474
5.70587
4254.73
4657.5
---------------------------------------------------


HIF1A:
0.74926
1.2689
1.52876
3.40815
8.87531
6796.21
---------------------------------------------------


BIRC5:
0.381783
0.498812
0.572846
1.25646
1.25906
803.116
---------------------------------------------------


ID1:
1.0485
2.06894
3.01386
3.34891
3.8786
2937.66
---------------------------------------------------


ID2:
2.65612
8.3308
15.1916
16.9547
25.6218
6411.39
---------------------------------------------------


IGFBP2:
7.3109
7.5536
7.64742
12.7364
19.5344
21.0788
---------------------------------------------------


ITGA6:
0.479305
0.540796
1.1761
2.16773
3.94291
3410.66
---------------------------------------------------


DANCR:
2.96425
8.47213
8.60108
13.8803
15.0402
9509.87
---------------------------------------------------


MET:
0.795765
1.68473
2.26096
4.00439
5.09684
989.12
---------------------------------------------------


MYC:
10.5811
17.3485
19.0416
33.6074
43.0751
25469.4
---------------------------------------------------


NOS2:
5.20785
8.25549
9.02682
11.8511
13.8174
4959.29
---------------------------------------------------


PDGFRA:
12.0163
19.0433
19.6507
20.3625
22.0262
27674.5
---------------------------------------------------


PI3:
0.594746
2.45292
4.21999
4.43794
5.17958
2839.82
---------------------------------------------------


TGFBR2:
0.311698
1.05611
1.2973
3.79157
5.18535
11.1638
---------------------------------------------------


TNFAIP3:
0.143083
0.24857
0.474908
1.04469
1.04758
578.085
---------------------------------------------------


PROM1:
3.18751
3.3575
6.59094
14.7079
7875.0
15284.8
---------------------------------------------------


CD44:
1.58542
5.29418
5.65233
6.07722
7.9871
11.6613
---------------------------------------------------


