MECOM:
0.00884113
0.00942901
0.0100136
0.0100467
0.012463
0.0135694
0.0186084
0.0224685
0.0359335
0.0376074
0.0414344
0.0837517
0.134561
0.174621
0.264775
0.697562
0.714316
0.852793
0.89029
0.940164
1.16973
1.40509
1.60676
2.17302
2.31506
3.25779
---------------------------------------------------


BIRC5:
0.28581
0.487693
0.543175
0.780544
0.786364
0.877044
1.16568
1.32516
1.79187
1.97302
2.02061
2.27365
3.06122
3.2882
5.5709
5.92563
8.43938
---------------------------------------------------


DANCR:
0.158646
0.420636
0.479811
0.65066
0.729249
0.733755
1.09341
1.15389
1.38731
1.68056
2.56557
2.6631
2.69368
2.86031
2.87715
3.59471
4.33724
---------------------------------------------------


CD44:
1.88347
1.95359
4.70667
6.69712
8.35598
9.91937
16.7676
19.6093
24.8236
27.476
29.4987
30.4498
30.7724
31.4157
31.4876
35.149
37.2191
37.2689
---------------------------------------------------


EZH2:
0.591515
0.623297
0.935755
0.961308
2.32104
2.9421
3.137
3.14483
3.43715
3.65771
4.24284
5.02704
5.381
5.98664
6.66395
8.7086
14.5011
---------------------------------------------------


HIF1A:
0.571107
1.4381
2.44758
4.76029
8.20869
10.7517
14.2255
14.9367
14.9682
17.1202
17.513
18.3499
18.7726
19.0132
21.912
22.0859
26.6348
28.451
---------------------------------------------------


ID1:
0.613988
0.863451
0.875202
1.08512
1.74256
3.08249
4.13439
4.36871
4.66218
5.99358
6.35318
7.24007
7.51242
7.93218
10.0641
10.6168
14.0803
---------------------------------------------------


ID2:
1.00517
3.56143
4.07191
4.07419
4.64958
8.07921
8.59498
10.3379
10.9664
13.4476
13.6788
15.2059
16.5795
17.3068
22.7342
26.9851
32.4234
---------------------------------------------------


IGFBP2:
0.0127791
0.452454
2.14197
2.33924
7.66149
8.89926
11.4324
13.4694
22.6712
23.4096
26.8592
27.9926
28.3197
32.3883
33.4877
33.622
37.0627
39.9836
---------------------------------------------------


ITGA6:
0.125948
0.177805
0.26665
0.601151
0.610321
0.844776
1.34981
2.15008
2.40537
2.82016
3.27722
3.39722
4.13243
4.38586
4.69773
5.76282
7.92929
---------------------------------------------------


MET:
0.0111596
0.0197258
0.0278757
0.0363329
0.050691
0.0716893
0.0974854
0.122217
0.163423
0.196259
0.20378
0.241702
0.852283
0.874517
0.884548
1.2297
1.52661
2.49034
---------------------------------------------------


OLIG2:
0.721399
1.8637
3.01846
3.0901
5.09204
5.28688
7.11189
8.91016
9.14814
13.7947
14.8248
18.6643
21.963
22.395
22.7456
25.0379
27.2986
33.427
---------------------------------------------------


PDPN:
0.0838637
1.5857
3.56302
5.32203
6.41543
6.9427
10.914
10.9403
13.8416
14.0358
15.0594
15.8573
16.2063
17.0582
18.9187
19.194
21.5594
22.6786
25.6624
---------------------------------------------------


POSTN:
0.885221
0.938292
2.51061
3.20862
3.27706
3.63213
3.71751
3.74183
4.59677
4.85125
5.18175
5.18346
6.45518
9.45474
10.6702
14.8962
16.4132
20.6371
---------------------------------------------------


MYC:
0.0336107
0.614126
0.665731
2.01844
3.82556
4.87359
6.62353
9.05354
9.52613
9.89836
10.1848
12.2064
12.9874
21.1253
23.4635
26.8466
30.0392
48.0148
---------------------------------------------------


NOS2:
0.567334
0.609193
0.674682
1.08905
1.39143
1.44353
3.52456
3.77033
3.79829
3.80261
3.97374
4.32711
6.3445
6.44386
6.57059
10.0781
13.6732
---------------------------------------------------


PDGFRA:
0.208732
0.843804
1.54988
1.6418
1.86972
2.35528
2.706
2.73952
2.74852
2.98335
2.99792
3.22909
3.23651
4.16385
4.19765
4.6784
6.02763
7.57257
---------------------------------------------------


PI3:
0.148231
0.257118
0.384523
0.540519
0.757289
0.918929
0.936029
1.94595
2.03788
2.07875
4.43771
4.96073
5.42586
6.53004
6.63266
10.2232
13.4008
---------------------------------------------------


TGFBR2:
0.0785098
1.67172
1.91507
2.1399
3.64062
3.79078
4.01451
4.96522
5.16615
5.69498
6.19259
7.32071
7.62161
8.62661
9.19689
9.44687
11.3383
21.417
21.7795
---------------------------------------------------


TNFAIP3:
0.136948
0.173527
0.72849
0.747977
1.23714
2.0848
2.60323
4.11236
4.81127
5.67199
5.86722
7.82268
8.69559
9.63701
10.6504
11.678
12.5056
14.0449
---------------------------------------------------


PROM1:
0.0663785
0.178047
0.190412
0.286381
0.310283
0.313487
0.360686
0.415095
0.417855
0.468047
0.544392
0.588444
0.662714
0.682358
1.2284
1.46234
1.99057
---------------------------------------------------


