PDPN:
1.57339
2.33619
2.95315
4.12254
6.77688
6.82688
9.22119
11.7185
11.9348
---------------------------------------------------


ID1:
14.9366
19.5519
19.8499
20.3643
22.5696
25.4711
25.6203
30.4347
44.2452
---------------------------------------------------


MET:
0.225365
0.432032
0.51398
0.69416
1.20162
1.31167
1.5362
1.94732
1.985
2.56014
---------------------------------------------------


TGFBR2:
12.1933
13.6074
15.3898
20.0916
21.6425
22.4036
23.2055
26.3482
34.7468
48.0084
---------------------------------------------------


