OLIG2:
1.21873
7.18434
8.75448
9.08329
9.2017
15.5305
24.5532
30.2324
44.0492
---------------------------------------------------


PDPN:
0.145355
5.98021
7.04538
8.34652
8.66997
8.67581
10.7134
18.2043
20.9496
32.7858
---------------------------------------------------


MECOM:
0.00782228
0.00997001
0.0145275
0.0170451
0.0183259
0.0191161
0.0195511
0.0399675
0.0530275
0.0867048
0.121209
0.1296
0.242071
0.286016
0.415803
0.650474
0.728855
0.781675
0.784195
2.62855
5.53488
8.33066
---------------------------------------------------


HIF1A:
0.2875
8.00477
9.04376
10.9702
11.2053
14.6367
20.1926
34.2915
57.3626
---------------------------------------------------


IGFBP2:
10.6715
19.9152
19.9309
22.6368
25.1311
25.2577
29.8726
65.2086
83.0991
---------------------------------------------------


MET:
0.296621
0.44808
1.01147
1.34806
1.47325
2.71274
6.001
12.4257
14.6467
17.0563
---------------------------------------------------


MYC:
1.26094
5.87406
7.93765
8.20978
11.0792
15.3238
17.1171
23.9692
50.0402
---------------------------------------------------


PDGFRA:
0.203594
0.524588
0.59048
0.68299
6.88634
6.92025
8.23291
11.7678
31.5073
---------------------------------------------------


TGFBR2:
0.0256269
3.53527
4.54562
4.85819
5.22708
5.38833
5.62213
6.29963
7.68461
8.52635
10.0843
18.8305
---------------------------------------------------


CD44:
20.9167
21.0313
21.5154
23.539
25.1799
31.112
53.7831
61.9994
96.0294
---------------------------------------------------


