OLIG2:
0.43414
1.05552
1.45992
1.65308
2.00191
2.59559
3.53805
5.51755
5.73185
5.97544
11.0668
---------------------------------------------------


PDPN:
1.64801
6.99167
9.22368
10.4445
12.3761
15.1962
16.8541
18.387
24.434
25.9533
29.6394
---------------------------------------------------


POSTN:
1.69341
2.25992
11.591
14.4732
20.0553
24.7441
31.3522
33.3176
35.8192
35.9993
38.6716
---------------------------------------------------


EZH2:
1.82518
2.58429
2.59352
3.1213
4.47543
4.51938
5.11832
5.61686
5.82435
7.37885
8.29035
---------------------------------------------------


HIF1A:
4.54548
4.82931
12.907
15.4379
18.1546
19.4545
19.6855
21.4873
25.1199
26.2219
28.1534
---------------------------------------------------


BIRC5:
0.348455
0.35245
0.581126
1.33635
1.69319
2.30211
2.89702
3.68449
4.58715
4.79469
5.29437
---------------------------------------------------


ID1:
1.15435
1.39075
2.96566
3.32334
4.4417
6.94011
7.81638
7.96949
8.63224
9.24179
13.5093
---------------------------------------------------


ID2:
1.69224
3.91114
5.3424
8.01997
9.3706
13.2835
13.6466
13.9385
14.0048
18.3315
20.5315
---------------------------------------------------


IGFBP2:
14.9122
16.9822
17.5637
26.8494
27.3595
28.0695
29.3561
31.0668
31.2283
33.342
37.6607
---------------------------------------------------


ITGA6:
1.00643
1.30365
1.84242
2.07524
2.17079
2.33185
2.4857
2.54608
2.69436
5.16163
5.3733
---------------------------------------------------


DANCR:
0.6614
0.661614
0.825757
1.05858
1.14148
1.71367
1.76855
2.06103
2.18507
2.83193
6.33583
---------------------------------------------------


MET:
0.153112
0.217286
0.417237
0.4971
0.560298
0.615454
0.717947
0.744941
1.55501
1.62553
1.67989
6.18385
---------------------------------------------------


MYC:
1.98187
10.1855
12.3402
12.6021
14.0486
15.3807
15.9056
17.98
18.8581
20.256
28.1891
---------------------------------------------------


NOS2:
0.384717
0.985447
1.54962
1.97198
2.44046
3.312
3.47684
4.088
4.33246
5.46607
8.01039
---------------------------------------------------


PDGFRA:
3.80819
3.90137
3.94597
5.73856
6.14089
8.03804
9.42577
10.4054
10.6693
11.5831
12.0491
---------------------------------------------------


PI3:
0.101154
0.102419
0.1359
0.224771
0.253711
0.453525
0.526848
0.76099
1.39446
1.43919
3.45302
---------------------------------------------------


TGFBR2:
4.01746
4.3612
4.76677
9.83187
10.7881
12.1171
14.4722
17.4049
18.185
19.4438
19.9968
21.5094
---------------------------------------------------


TNFAIP3:
0.112336
1.13099
1.64597
1.89216
2.51692
3.59882
5.23731
6.36458
6.75079
9.92947
10.7428
---------------------------------------------------


PROM1:
0.320931
0.358299
0.833724
0.856341
1.07774
1.12712
1.13811
1.71184
1.90922
2.74758
4.40664
---------------------------------------------------


CD44:
12.6696
13.104
13.3114
13.8856
19.4367
20.6017
29.0029
29.1668
29.7423
38.7091
43.5223
---------------------------------------------------


