OLIG2:
2.04112
4.93358
7.01149
8.1026
10.9074
11.6882
---------------------------------------------------


PDPN:
4.77257
5.9704
10.8938
12.3185
13.0661
13.9211
---------------------------------------------------


POSTN:
2.4824
5.67197
7.9587
8.12989
8.53947
10.6207
14.2951
---------------------------------------------------


MECOM:
0.232754
1.46468
2.34127
2.65242
3.10356
---------------------------------------------------


EZH2:
1.21323
3.2067
6.11892
9.87777
10.7346
10.7586
---------------------------------------------------


HIF1A:
4.60072
6.63408
11.1287
11.3607
14.0929
15.5355
---------------------------------------------------


BIRC5:
0.849562
1.50016
4.09671
5.84368
6.93639
8.32866
---------------------------------------------------


ID1:
4.05058
7.57816
9.39768
11.7677
12.127
13.4357
---------------------------------------------------


ID2:
5.3753
5.61028
8.10639
9.46596
14.9411
16.4666
---------------------------------------------------


IGFBP2:
7.92152
7.95739
8.5207
9.07451
10.783
18.1657
---------------------------------------------------


ITGA6:
0.430513
1.70522
3.14288
3.16531
6.30852
7.88407
---------------------------------------------------


DANCR:
10.117
11.099
11.3334
15.6107
17.0578
17.6139
---------------------------------------------------


MET:
8.23988
8.70568
9.87102
11.6061
12.7948
18.3149
21.8054
---------------------------------------------------


MYC:
2.36872
5.74755
8.3316
9.56887
12.9549
13.4577
---------------------------------------------------


NOS2:
8.5642
8.81919
9.68002
11.7495
13.1965
15.1593
---------------------------------------------------


PDGFRA:
9.67629
10.6694
11.042
11.463
12.1492
14.2484
---------------------------------------------------


PI3:
0.115716
0.135287
2.88679
4.15495
4.54397
5.00564
---------------------------------------------------


TGFBR2:
1.17194
2.69839
3.50523
9.07673
10.1564
10.4488
16.7715
---------------------------------------------------


TNFAIP3:
0.57379
0.814324
0.91099
1.60663
1.80103
1.94676
---------------------------------------------------


PROM1:
0.0870606
0.0914395
2.22742
2.3055
2.74624
2.76128
---------------------------------------------------


CD44:
9.47553
10.1091
12.7437
13.7682
14.8836
16.4771
---------------------------------------------------


