OLIG2:
3.41528
4.92255
5.02893
16.3437
24.5365
48.6754
---------------------------------------------------


PDPN:
0.0
0.0
0.249098
0.385511
59.6839
---------------------------------------------------


POSTN:
1.15635e-07
0.321943
1.69248
2.28031
5.12042
---------------------------------------------------


MECOM:
0.355981
3.64214
4.78725
---------------------------------------------------


EZH2:
0.584825
4.63366
4.97627
5.31717
11.5263
12.9488
---------------------------------------------------


HIF1A:
2.55028
2.69533
5.90653
17.0292
22.6729
23.3594
---------------------------------------------------


BIRC5:
0.119638
0.278894
0.445088
0.736241
0.817121
4.39179
---------------------------------------------------


ID1:
0.101108
1.46888
2.07573
2.15744
3.14889
11.3288
---------------------------------------------------


ID2:
4.05987
12.9447
14.9514
23.4549
49.1895
---------------------------------------------------


IGFBP2:
3.8616
19.7842
21.0863
28.7035
35.9351
58.3127
---------------------------------------------------


ITGA6:
0.73749
1.66485
1.74441
3.22224
3.24336
10.5567
---------------------------------------------------


DANCR:
2.24011
2.26227
2.31554
2.4894
4.52417
4.93602
---------------------------------------------------


MET:
0.0454369
0.33307
1.07761
1.52298
2.49535
8.70127
---------------------------------------------------


MYC:
5.56192
5.7942
12.9644
21.1909
31.3598
82.6552
---------------------------------------------------


NOS2:
5.82565
6.0773
8.28819
11.0256
11.9089
17.6002
---------------------------------------------------


PDGFRA:
1.35704
3.26405
4.45562
6.45789
8.51917
20.9515
---------------------------------------------------


PI3:
0.0
0.0952594
0.163624
1.03513
1.2189
2.04777
---------------------------------------------------


TGFBR2:
1.02373
3.48528
4.80384
12.3429
16.5122
25.2805
---------------------------------------------------


TNFAIP3:
0.0
0.253189
0.879973
0.953393
5.32858
9.58885
---------------------------------------------------


PROM1:
0.40605
0.679019
1.30165
3.22608
3.47033
3.99259
---------------------------------------------------


CD44:
0.139735
0.89343
1.74583
4.06495
32.7581
53.507
---------------------------------------------------


