MECOM:
0.0100424
0.0135278
0.0181153
0.0250378
0.025038
0.0272472
0.0361584
0.0374336
0.043009
0.0762732
0.133058
0.136324
0.379752
1.2945
1.47644
1.57899
1.78129
2.08658
3.51289
5.6963
9.1757
10.2782
17.5451
22.631
---------------------------------------------------


UHRF1:
14.6507
16.3064
19.9295
20.9272
21.069
26.0893
31.7489
46.2221
65.1712
---------------------------------------------------


NOVA1:
51.3849
56.9967
61.7183
94.4941
113.725
113.838
124.54
144.628
233.301
---------------------------------------------------


