MECOM:
0.202195
0.287917
0.458667
0.486859
0.487874
0.661338
0.898917
0.96386
1.41689
---------------------------------------------------


OLIG2:
2.58699
3.13295
4.03897
4.83745
5.42178
6.44223
9.67072
10.6612
14.2398
19.2887
20.5759
---------------------------------------------------


PDPN:
0.0339197
0.0639605
0.0667741
0.0679315
0.0783361
0.0815986
0.0827044
0.0970473
0.117589
0.172935
0.214932
---------------------------------------------------


POSTN:
0.110254
0.116137
0.159228
0.194543
0.196722
0.202166
0.43039
0.614404
1.26262
1.52433
1.70163
---------------------------------------------------


EZH2:
9.3663
10.8797
12.7617
15.9814
17.183
19.7021
20.7338
21.3977
25.929
28.7873
31.2995
---------------------------------------------------


HIF1A:
2.6724
3.19266
4.19406
6.16582
7.40276
8.75087
9.2968
11.2396
11.8445
13.9554
18.0767
---------------------------------------------------


BIRC5:
1.76459
4.03629
7.2153
7.47856
9.15334
9.23476
9.54776
9.5808
11.0562
12.7415
14.5277
---------------------------------------------------


ID1:
0.874221
3.36754
5.95753
6.8838
8.07499
8.54801
10.1364
13.8651
14.2135
17.0916
21.4925
---------------------------------------------------


ID2:
3.98095
4.89842
5.66393
6.84206
7.25856
7.89841
8.37114
8.52146
10.2462
11.6388
12.0448
---------------------------------------------------


IGFBP2:
2.42411
2.427
2.82549
3.00252
3.35418
3.41876
3.74223
3.7959
4.56438
5.09523
6.05779
9.216
---------------------------------------------------


ITGA6:
0.511898
0.692531
0.932546
0.951469
0.991587
1.19422
1.50139
1.55742
1.58824
2.11453
2.81677
---------------------------------------------------


DANCR:
0.750491
0.885216
1.0781
1.16832
1.26001
1.44088
1.5559
1.73517
2.41975
2.9717
3.32377
---------------------------------------------------


MET:
0.0180093
0.0334374
0.0336821
0.0464415
0.0481661
0.0538667
0.0565014
0.11883
0.128885
0.150947
0.284387
0.446256
---------------------------------------------------


MYC:
4.04229
4.47257
6.1565
6.30414
7.11645
7.82152
11.4133
11.7722
12.4219
12.8686
14.6823
---------------------------------------------------


NOS2:
0.598618
0.679333
0.690351
1.01677
1.10376
1.35152
1.36604
1.61175
1.68198
1.7346
2.78595
---------------------------------------------------


PDGFRA:
1.09262
1.8282
1.85268
2.9616
3.47207
3.55548
6.55557
7.11587
7.25778
8.0347
13.593
---------------------------------------------------


PI3:
0.0345625
0.0451698
0.0601481
0.0782896
0.102223
0.107461
0.12256
0.136567
0.290126
0.333254
0.608888
---------------------------------------------------


TGFBR2:
1.57447
1.73557
1.77282
1.87427
1.87848
2.0213
2.36164
2.49848
2.55373
2.57183
3.03241
3.07823
3.65238
---------------------------------------------------


TNFAIP3:
0.13186
0.275736
0.290965
0.293528
0.297509
0.310671
0.387748
0.463419
0.481123
0.494075
0.757219
---------------------------------------------------


PROM1:
0.12196
0.125076
0.183652
0.189962
0.201729
0.23308
0.306823
0.307114
0.342368
0.348184
0.82648
---------------------------------------------------


CD44:
1.72339
4.73509
5.94553
6.47574
8.4303
8.54161
8.72992
9.19514
9.32367
13.1567
14.018
14.0447
---------------------------------------------------


