OLIG2:
6.19513
9.82397
11.339
11.8568
13.0521
17.3136
17.529
19.2577
20.5024
24.4548
---------------------------------------------------


PDPN:
0.20484
7.6102
12.881
18.0377
21.5745
21.6767
25.4964
30.2432
33.5029
47.3044
---------------------------------------------------


POSTN:
0.138666
0.743863
0.854394
0.989033
2.2848
2.54881
3.0488
3.26256
4.20713
4.23397
---------------------------------------------------


MECOM:
0.100578
0.66887
1.10928
1.30669
1.46221
1.67114
1.85339
2.15627
2.20055
---------------------------------------------------


EZH2:
0.554557
0.883881
2.11593
5.87489
6.27926
6.57418
6.7764
6.92732
7.79132
8.78144
---------------------------------------------------


HIF1A:
0.92517
0.927142
6.68551
8.16107
12.1459
12.3648
12.9257
13.4328
14.4378
15.2233
15.6247
---------------------------------------------------


BIRC5:
0.817125
1.46184
2.49471
3.16582
3.37511
4.79518
5.17479
5.95123
6.46382
6.73267
---------------------------------------------------


ID1:
0.586428
4.66545
5.53561
7.83734
8.46936
9.34814
9.65119
9.78198
14.5019
24.1969
---------------------------------------------------


ID2:
2.30431
13.4961
14.1211
27.5444
29.6739
30.4369
30.6548
35.0662
39.2208
39.494
---------------------------------------------------


IGFBP2:
21.2391
24.1769
28.705
31.1991
32.5068
44.3386
50.7904
56.2913
62.2689
62.7538
---------------------------------------------------


ITGA6:
0.481257
0.496857
1.0093
1.82756
3.15959
3.33643
3.55595
5.42575
7.68683
7.74428
---------------------------------------------------


DANCR:
1.04684
1.24526
1.30868
2.02312
2.47515
2.72811
3.15145
4.57523
6.89252
10.661
12.61
---------------------------------------------------


MET:
0.0340708
0.0388838
0.0612488
0.0628727
0.0679261
0.0725928
0.0729535
0.0759246
0.271369
0.28409
---------------------------------------------------


MYC:
0.694442
3.62829
4.66993
5.9626
6.24727
8.68263
9.98824
14.0925
15.857
17.7557
---------------------------------------------------


NOS2:
0.229263
0.88092
0.968827
1.57606
1.82389
2.03788
2.98824
3.61261
4.36005
5.65519
---------------------------------------------------


PDGFRA:
34.5197
37.7259
38.7615
43.8711
44.2316
48.5075
50.8928
53.757
55.5625
59.3718
---------------------------------------------------


PI3:
0.164329
0.210816
0.28271
0.360669
0.463064
1.08282
1.45681
1.78542
2.74634
6.42502
---------------------------------------------------


TGFBR2:
0.320043
1.15578
1.43775
1.69044
3.16894
3.31732
5.18594
6.0862
6.75787
13.3827
---------------------------------------------------


TNFAIP3:
0.123372
0.168849
0.726665
1.33959
1.37214
1.71073
1.7963
1.81805
2.44674
3.74963
---------------------------------------------------


PROM1:
3.79615
4.6773
11.2066
17.2636
17.3202
20.0263
22.3168
24.34
24.4038
30.0556
32.6174
---------------------------------------------------


CD44:
1.89319
5.06309
20.9012
22.923
26.5274
30.822
35.6937
36.3532
39.3307
46.4709
---------------------------------------------------


