OLIG2:
7.85771
8.65263
8.8483
10.8219
12.4597
12.7112
12.7822
16.8419
16.9215
18.1033
---------------------------------------------------


PDPN:
1.84637
2.47387
2.58272
3.70068
4.02972
4.23617
4.55122
6.28382
7.10036
8.51159
---------------------------------------------------


POSTN:
0.936318
1.03303
1.41464
1.61603
2.30927
2.9955
3.55303
4.60149
5.08447
7.57204
10.2802
---------------------------------------------------


MECOM:
0.970235
1.08492
2.67199
2.79615
2.80135
4.98396
9.44891
10.2464
10.7377
12.3484
---------------------------------------------------


EZH2:
8.07715
8.65946
9.64101
9.9481
10.3073
10.8364
12.7629
15.9333
16.0694
16.2547
---------------------------------------------------


HIF1A:
10.6221
12.5273
12.7784
14.1598
14.8245
14.8851
18.5425
19.0876
20.7075
23.7833
---------------------------------------------------


BIRC5:
2.39265
3.32822
4.92395
6.11967
6.12357
6.64794
7.32833
8.00605
8.18407
8.36346
---------------------------------------------------


ID1:
8.19894
9.33133
9.70111
12.4469
12.936
13.0599
14.2646
14.6233
15.0855
16.0655
---------------------------------------------------


ID2:
7.67754
8.60691
9.85932
10.547
10.9013
11.472
14.6006
15.6334
15.6802
17.8546
---------------------------------------------------


IGFBP2:
7.78804
10.4131
10.6513
13.2846
15.1077
15.1941
16.6299
20.5606
33.024
33.7373
---------------------------------------------------


ITGA6:
2.61586
5.14134
5.71836
6.08833
6.23713
6.4209
7.02159
7.34731
7.41068
8.68544
---------------------------------------------------


DANCR:
1.29647
1.6672
2.39916
2.43497
2.50237
2.71754
2.96012
3.02068
4.06311
5.22631
---------------------------------------------------


MET:
0.0476782
0.0844819
0.192809
0.202764
0.209464
0.27081
0.288358
0.320012
0.541773
1.79295
---------------------------------------------------


MYC:
3.42737
5.94725
7.67092
7.91224
8.73438
11.8812
13.0739
14.877
16.4315
16.7837
21.3105
---------------------------------------------------


NOS2:
1.23266
1.81212
2.77254
3.56685
3.66485
3.67243
3.86265
4.61742
7.39455
8.33847
---------------------------------------------------


PDGFRA:
2.8822
3.02664
4.80541
4.86516
6.59567
7.09176
7.3658
9.13028
9.6252
11.0772
---------------------------------------------------


PI3:
0.143614
0.240147
0.390226
0.661051
0.709228
0.748041
0.759638
0.832183
1.12226
1.63104
---------------------------------------------------


TGFBR2:
3.93685
6.32158
6.39145
8.56621
9.93666
11.3106
11.894
13.2828
13.3115
13.5004
28.0708
---------------------------------------------------


TNFAIP3:
1.23228
2.38638
2.38905
2.39372
2.57405
3.9563
4.61914
4.67882
4.83905
7.83554
---------------------------------------------------


PROM1:
0.731635
0.931417
1.20456
1.68387
1.8681
2.07648
2.51845
3.71981
4.12646
4.39076
---------------------------------------------------


CD44:
11.0232
12.5452
14.1612
14.9887
15.4887
16.3646
18.1243
20.0944
20.5014
21.0831
32.8382
---------------------------------------------------


