MECOM:
0.0
0.0
0.0
0.0279321
0.0495086
0.066491
0.132346
0.199271
0.225032
2.65778
---------------------------------------------------


OLIG2:
2.38669
2.90192
3.15217
4.40232
5.46264
7.27647
7.40446
8.20892
8.29362
8.47556
8.62926
10.5313
10.9991
12.6413
15.9252
19.1823
---------------------------------------------------


PDPN:
0.0832403
0.0916113
0.15253
0.184296
0.223709
0.264373
0.35747
0.494514
0.774212
0.802948
0.834449
0.920242
1.18985
1.68105
3.00105
3.15016
---------------------------------------------------


POSTN:
0.0
0.0
0.0196917
0.0559495
0.0605624
0.0725863
0.0755583
0.0769675
0.0783496
0.0794182
0.0820456
0.173808
0.176371
0.262566
0.641149
0.660463
---------------------------------------------------


EZH2:
0.408579
0.929018
0.98158
1.02052
1.03918
1.27769
1.58449
1.85335
2.23362
2.38176
2.80679
3.28069
3.60802
3.95547
4.17908
8.33761
---------------------------------------------------


HIF1A:
0.125847
0.130076
0.143372
0.162931
0.212157
0.38113
0.617413
0.654961
0.890013
0.910054
0.946277
1.42925
1.84856
1.93086
4.14164
4.57
---------------------------------------------------


BIRC5:
0.0116444
0.0227289
0.11216
0.144543
0.204338
0.24018
0.241226
0.270082
0.273416
0.321722
0.507048
0.619869
0.644544
0.664659
0.810814
1.55171
---------------------------------------------------


ID1:
0.128714
0.159748
0.229892
0.257075
0.382319
0.397625
0.576817
0.635426
0.747978
0.76713
1.05851
1.20608
1.42886
1.5284
2.54488
3.51267
---------------------------------------------------


ID2:
3.95297
5.09157
5.22126
5.27963
5.68235
5.77444
6.08151
6.72373
7.2773
7.64884
7.6603
8.71139
9.36961
9.41338
9.4558
13.9487
---------------------------------------------------


IGFBP2:
3.23738
3.89625
5.96943
6.41464
6.87171
7.42783
8.2666
8.51091
8.59162
9.0488
9.38833
9.40263
10.2652
10.9747
11.5224
15.5211
---------------------------------------------------


ITGA6:
0.0
1.59058e-09
0.00690031
0.0327225
0.263293
0.331805
0.422149
0.804493
0.809849
0.888378
0.8939
1.14904
1.44403
1.48185
1.87567
3.59305
---------------------------------------------------


DANCR:
0.0121052
0.0834772
0.0948021
0.10609
0.116213
0.131124
0.169747
0.17509
0.183226
0.249314
0.249593
0.301733
0.392961
0.419175
0.460168
0.98481
---------------------------------------------------


MET:
0.00656625
0.00688956
0.00812061
0.00818049
0.0095958
0.0128864
0.0135387
0.0166508
0.0169779
0.0198395
0.0215678
0.0329764
0.0486668
0.0501011
0.11625
0.120414
---------------------------------------------------


MYC:
0.0874694
0.562409
0.641506
0.727942
1.19588
1.36546
1.47767
1.54536
2.17745
3.15158
3.30705
4.45383
4.71895
5.36274
6.54228
8.81868
---------------------------------------------------


NOS2:
0.0486878
0.0692576
0.1266
0.229368
0.448807
0.451868
0.527757
0.539985
0.841311
0.878526
0.883589
1.2256
1.36575
1.47616
1.77796
2.03553
---------------------------------------------------


PDGFRA:
1.21049
3.23176
3.47799
4.19718
4.20745
4.32759
4.8513
5.60222
5.83119
6.74001
9.32543
11.71
12.2373
15.7632
17.7456
26.2131
---------------------------------------------------


PI3:
0.00256686
0.00851145
0.00941525
0.0103484
0.0112993
0.0184456
0.0187827
0.032467
0.105909
0.152389
0.189981
0.25277
0.263855
0.347225
0.694948
1.10212
---------------------------------------------------


TGFBR2:
0.0
0.030204
0.0834929
0.105272
0.177022
0.368082
0.369182
0.588695
0.610667
0.719136
0.72696
0.744625
0.830626
2.17589
2.22748
3.81033
---------------------------------------------------


TNFAIP3:
0.0087506
0.0440127
0.0458305
0.0545611
0.0570351
0.114813
0.123965
0.135954
0.174031
0.177849
0.310397
0.338727
0.364815
0.507611
0.572354
0.773959
---------------------------------------------------


PROM1:
0.00632466
0.0506611
0.0603429
0.0831326
0.134904
0.188856
0.296993
0.316374
0.504165
0.564248
0.700559
0.772107
0.81855
0.991111
1.49038
2.82639
---------------------------------------------------


CD44:
0.294813
0.404022
0.493538
0.600719
0.632163
0.6719
0.790742
0.990375
1.34317
1.34778
1.98021
1.9829
2.68252
2.95727
3.36195
4.03011
---------------------------------------------------


