PDPN:
2.49364
9.43706
10.9527
17.0435
17.8639
17.9614
18.6893
22.1767
23.3568
---------------------------------------------------


ID1:
4.42373
8.89117
12.046
13.7351
15.3391
15.6797
20.5298
21.8755
27.7555
---------------------------------------------------


ITGA6:
6.10722
6.15435
8.56133
10.0829
10.3083
11.2926
12.0529
14.2221
17.2672
---------------------------------------------------


DANCR:
1.33075
3.32526
4.09323
4.69032
4.98519
6.54325
8.50315
9.59214
16.4329
---------------------------------------------------


