OLIG2:
7.40331
13.5606
18.5023
21.9646
27.9724
32.2507
36.8057
76.4101
78.7529
101.252
---------------------------------------------------


PDPN:
15.6062
22.0496
22.7839
29.9183
46.178
47.9375
52.6043
54.6144
72.094
---------------------------------------------------


POSTN:
1.34296
2.3062
3.14805
5.41762
6.01657
9.81832
28.6798
40.7286
49.7541
---------------------------------------------------


MECOM:
0.0
0.0192707
0.0197487
0.0387628
0.0480536
0.0533524
0.190139
0.43527
0.666274
0.707092
1.2152
1.6041
1.93121
2.4906
3.74549
---------------------------------------------------


EZH2:
5.40234
9.6439
9.71732
17.9213
22.4413
34.4458
35.5856
68.5854
87.5445
---------------------------------------------------


HIF1A:
30.4903
42.5652
44.9723
53.0066
54.0612
56.9808
60.8818
68.048
76.9966
78.1671
---------------------------------------------------


BIRC5:
1.61753
2.26969
3.94755
5.82124
8.30608
8.94614
9.54015
9.57508
19.462
---------------------------------------------------


ID1:
8.75178
19.8179
35.3806
43.3492
45.8755
57.7373
65.2149
87.5971
98.5516
---------------------------------------------------


ID2:
25.1997
50.341
54.6619
54.8441
59.2901
72.3287
72.8692
75.1579
120.653
---------------------------------------------------


IGFBP2:
29.6761
36.3611
49.6955
51.6288
51.8808
52.1044
52.8965
53.0073
77.485
154.286
---------------------------------------------------


ITGA6:
6.36334
8.58099
9.13249
16.524
17.572
20.9097
21.461
26.8412
32.5578
---------------------------------------------------


DANCR:
4.79973
6.70974
18.4311
18.6718
19.1013
19.2558
25.512
27.4703
38.4357
---------------------------------------------------


MET:
0.45717
0.475371
0.52274
0.957359
3.16828
4.29847
4.55508
5.39943
5.5471
8.1233
---------------------------------------------------


MYC:
2.10239
16.0304
19.7417
19.9587
21.7522
23.8592
27.1869
41.3638
77.2843
101.848
---------------------------------------------------


NOS2:
3.12213
6.78936
8.28184
10.0263
11.7792
15.24
18.4826
31.7
52.2476
---------------------------------------------------


PDGFRA:
2.23812
5.77612
14.2083
14.77
19.6331
31.5752
34.4584
39.7729
56.9044
66.364
---------------------------------------------------


PI3:
0.790067
2.2177
6.68355
8.39523
14.5843
15.4164
26.4962
31.6902
43.2662
---------------------------------------------------


TGFBR2:
0.147461
4.82508
5.19436
8.12105
9.81249
15.2773
18.6455
20.164
21.1074
26.4823
47.6425
---------------------------------------------------


TNFAIP3:
1.77448
1.81706
2.1953
3.52885
4.56168
5.3419
16.498
18.3387
20.2664
---------------------------------------------------


PROM1:
2.62815
3.5317
4.02845
5.38698
6.05052
8.01092
10.3086
27.1499
41.5224
---------------------------------------------------


CD44:
32.9258
45.3523
49.4451
54.2626
56.4049
70.2516
74.6374
79.2444
116.906
125.725
---------------------------------------------------


