OLIG2:
6.34594
7.70401
8.13486
9.35134
12.8483
14.8988
16.6381
22.1229
---------------------------------------------------


PDPN:
3.66951
4.11013
4.57509
5.64259
6.73815
11.5376
18.5819
19.6039
---------------------------------------------------


POSTN:
2.74162
3.55282
7.21503
7.52399
9.54498
14.8545
16.4259
17.0059
---------------------------------------------------


MECOM:
8.56795
12.7127
13.0122
13.5863
---------------------------------------------------


EZH2:
5.8736
6.46786
7.86138
8.70836
10.439
11.938
15.3419
18.4708
---------------------------------------------------


HIF1A:
25.4985
26.5444
32.6645
35.0886
35.2971
37.715
42.0069
42.8128
---------------------------------------------------


BIRC5:
1.97212
4.34509
4.59166
5.12464
10.2082
10.6901
11.8262
15.7516
---------------------------------------------------


ID1:
5.85774
12.3481
12.5349
15.235
18.1788
20.568
24.0313
32.1789
---------------------------------------------------


ID2:
11.6161
15.0901
16.2844
17.6289
18.3119
24.5982
26.0072
35.0783
---------------------------------------------------


IGFBP2:
31.78
42.9752
44.3542
44.9039
48.1785
50.1242
55.9966
56.5594
---------------------------------------------------


ITGA6:
1.10094
1.49417
4.37317
4.73338
5.58254
6.63836
8.18294
9.97475
---------------------------------------------------


DANCR:
1.92195
2.48985
2.54552
3.40753
4.52993
4.96993
4.99365
5.97838
---------------------------------------------------


MET:
0.338888
0.455879
0.549193
0.615808
1.22557
1.29353
4.69671
7.00455
---------------------------------------------------


MYC:
12.0615
15.0366
16.1371
19.316
19.7362
20.0467
22.8015
28.5328
---------------------------------------------------


NOS2:
3.65174
5.53389
6.35964
7.10274
7.35268
8.15748
9.18269
12.5464
---------------------------------------------------


PDGFRA:
4.72362
7.46699
10.6858
14.7831
16.0858
20.3258
20.3793
22.2519
---------------------------------------------------


PI3:
0.340174
0.378065
0.603245
1.82444
1.97987
2.20004
4.08882
4.76608
---------------------------------------------------


TGFBR2:
15.5333
15.6393
18.0915
19.4486
19.5446
26.547
30.2914
46.7212
---------------------------------------------------


TNFAIP3:
2.62392
3.80614
5.22286
5.92617
6.13942
8.717
9.85588
14.0058
---------------------------------------------------


PROM1:
0.996148
1.2806
1.29636
1.73578
2.10861
2.20744
3.06338
3.63379
---------------------------------------------------


CD44:
14.0537
20.2729
22.0709
22.6733
27.9243
29.2176
37.3065
53.9948
---------------------------------------------------


