BIRC5:
0.0399252
0.0557197
0.0685785
0.0792715
0.0820349
0.121236
---------------------------------------------------


DANCR:
0.0261989
0.179924
0.301415
0.406876
2.14372
2.34053
---------------------------------------------------


CD44:
0.178078
0.343348
0.510433
0.559405
0.56911
2.988
---------------------------------------------------


MECOM:
0.0271942
0.0858673
0.093916
1.09822
---------------------------------------------------


EZH2:
0.142216
0.201605
0.277575
0.39171
0.783898
0.880815
---------------------------------------------------


HIF1A:
0.0621777
0.157708
0.540607
1.41905
1.61172
2.02174
---------------------------------------------------


ID1:
0.233751
0.34131
0.478448
0.515039
0.59282
0.885399
---------------------------------------------------


ID2:
1.99506
3.384
6.39041
9.00947
13.2373
13.3772
---------------------------------------------------


IGFBP2:
1.0338
4.1511
4.44013
5.59104
10.4018
11.9974
34.4801
---------------------------------------------------


ITGA6:
0.0979874
0.111287
0.260681
0.26783
0.389775
2.52948
---------------------------------------------------


MET:
0.0995583
0.102853
0.113415
0.167737
0.366866
0.413097
---------------------------------------------------


OLIG2:
2.43216
3.55206
4.18221
5.58749
7.95617
8.96186
---------------------------------------------------


PDPN:
0.319576
0.623061
0.782579
0.913149
0.966271
1.16441
---------------------------------------------------


POSTN:
0.291633
0.339068
0.55034
0.865721
2.64028
2.91065
---------------------------------------------------


MYC:
0.39159
0.645607
1.03222
1.17433
3.13942
8.49358
---------------------------------------------------


NOS2:
0.24011
0.266562
0.327932
0.46099
0.856006
2.48101
---------------------------------------------------


PDGFRA:
0.57196
2.10047
2.16761
2.94696
3.20492
4.13256
---------------------------------------------------


PI3:
0.127597
0.134413
0.35243
0.466296
0.535879
4.9237
---------------------------------------------------


TGFBR2:
0.145138
0.147707
0.284408
0.680431
0.84029
1.61004
---------------------------------------------------


TNFAIP3:
0.0420653
0.0535025
0.0614815
0.112616
0.179583
0.422432
---------------------------------------------------


PROM1:
0.0924141
0.324611
3.26112
3.44251
4.66861
14.8622
---------------------------------------------------


