OLIG2:
2.08197
5.72872
6.45579
6.68009
8.45714
8.96811
9.39718
9.59136
10.9668
12.7864
13.4566
17.3169
18.412
19.8084
43.3216
45.4721
---------------------------------------------------


PDPN:
0.19618
1.74624
1.88555
3.74149
6.20671
7.10484
7.42895
8.76933
9.68761
9.76414
10.7824
13.1717
13.9666
15.0717
17.5239
24.1622
---------------------------------------------------


POSTN:
1.59808
1.83616
2.53291
5.34786
6.58364
7.08427
9.42054
10.0786
10.3669
10.755
12.506
22.7953
33.4165
35.0187
62.0364
64.7432
---------------------------------------------------


MECOM:
0.312719
0.350979
0.376924
0.456271
0.508889
0.633072
1.83724
3.95784
4.87871
4.95942
7.66963
---------------------------------------------------


EZH2:
0.914401
1.78059
2.15878
2.26951
2.60815
2.85975
3.46239
3.69907
4.29878
6.33936
6.39079
7.65085
8.62091
8.70901
8.73806
8.89911
---------------------------------------------------


HIF1A:
0.369174
2.57998
3.09597
3.45313
4.78131
6.42911
7.69019
14.8577
15.4099
20.3041
21.0324
23.3891
27.3805
28.74
30.5652
36.7705
---------------------------------------------------


BIRC5:
0.22843
0.270771
0.278845
0.284853
0.307356
0.399733
0.40032
1.01807
1.80043
1.96552
2.38821
3.68895
3.84051
4.22286
5.58607
9.26827
---------------------------------------------------


ID1:
0.876344
1.50955
2.12392
2.3072
2.94542
3.29793
3.36845
3.7204
3.74212
6.72439
7.46958
8.85011
9.21396
10.15
10.4083
13.7944
---------------------------------------------------


ID2:
3.53267
8.25851
8.43588
8.57832
9.52603
9.89677
10.5716
13.2651
13.4596
13.6306
20.4453
22.4078
24.6988
26.3415
30.7662
34.2669
---------------------------------------------------


IGFBP2:
1.7228
3.64457
4.21789
5.2803
5.55063
7.72029
7.86477
8.29565
10.8342
13.1086
16.3367
18.8164
20.485
21.006
22.1377
33.6154
---------------------------------------------------


ITGA6:
0.798924
1.01577
1.16438
1.27605
1.28923
1.33535
1.35975
2.10671
2.4903
2.62433
2.73999
4.89117
5.02653
5.23532
5.30337
5.35699
---------------------------------------------------


DANCR:
0.855459
1.43927
1.46172
1.89281
2.49845
4.33843
4.61403
4.68895
5.53243
5.78445
5.78621
6.03922
6.67552
9.16324
9.80501
12.127
---------------------------------------------------


MET:
0.081443
0.332235
0.432661
0.78343
0.923823
0.963704
1.12107
1.63435
1.69738
1.70289
2.18112
2.47153
2.55993
3.28317
3.33891
4.30779
5.74977
9.43256
---------------------------------------------------


MYC:
1.57015
4.50048
6.19345
6.23057
6.86942
7.64228
9.38475
10.6513
14.5644
16.4874
17.7402
18.1755
19.5326
24.4196
28.4889
30.194
---------------------------------------------------


NOS2:
0.201
0.747524
0.755063
0.912925
1.3447
1.41105
1.93008
1.97235
2.07283
3.75808
4.77576
6.86339
8.23322
10.0261
10.1401
14.2143
---------------------------------------------------


PDGFRA:
2.05466
3.13293
5.29099
5.65992
5.84137
8.01771
10.3469
13.1028
15.2098
16.1757
16.2328
17.11
17.1845
17.6163
24.0068
31.2663
---------------------------------------------------


PI3:
0.227618
0.236923
0.263944
0.27106
0.289266
0.330753
0.442383
0.636535
0.952298
1.28899
1.45738
1.51717
1.92837
1.96821
2.3298
2.38363
2.75133
---------------------------------------------------


TGFBR2:
1.834
1.90857
4.15396
5.61231
5.71114
5.95614
5.995
7.03179
10.3506
10.9937
12.33
13.3019
17.7508
18.5625
21.361
23.5589
26.2208
29.413
32.3592
---------------------------------------------------


TNFAIP3:
0.422568
0.536767
0.589871
0.620617
0.840972
0.990187
1.02596
1.09473
1.12778
1.15083
1.77088
2.35389
3.57807
4.58528
7.05531
14.8054
---------------------------------------------------


PROM1:
0.677002
1.23559
1.46503
1.64576
1.95521
2.00166
2.07394
2.28585
3.03931
3.0597
3.20996
3.85907
4.09097
4.53177
4.84503
5.14356
---------------------------------------------------


CD44:
6.78896
17.8757
19.1253
22.654
23.2321
23.4704
24.0876
26.297
26.8523
30.8141
31.4985
33.8232
46.2212
53.6927
63.9321
67.4029
---------------------------------------------------


