MECOM:
1.10303
1.24254
1.42036
1.86744
2.02862
2.05506
2.51151
2.69829
2.7185
4.05161
4.16841
4.73583
8.23531
---------------------------------------------------


OLIG2:
5.41999
6.06075
15.2489
17.3485
18.3139
19.2296
19.6405
20.2615
24.0505
26.6311
29.922
32.9613
---------------------------------------------------


PDPN:
5.65056
6.05092
7.33749
16.5783
18.2976
19.7916
19.9865
26.6142
29.0074
29.738
31.6366
35.1007
---------------------------------------------------


POSTN:
0.69636
0.749096
1.19567
1.82922
1.87609
1.96786
4.8716
7.56968
7.87265
9.19369
10.0608
11.488
---------------------------------------------------


EZH2:
10.1415
12.9549
13.0639
17.1956
17.2208
18.5602
18.936
19.2892
19.418
26.6978
26.8432
26.9807
---------------------------------------------------


HIF1A:
9.99756
14.5655
16.5108
18.3499
20.3095
27.1724
28.2939
29.0595
29.7038
30.9151
33.5662
34.8048
---------------------------------------------------


BIRC5:
0.57444
1.28074
1.86104
2.73063
3.23139
3.3111
3.47141
4.3033
4.50528
4.58868
6.50277
6.7752
---------------------------------------------------


ID1:
5.16307
16.0791
16.5333
21.5797
24.9054
25.1077
28.0176
29.061
30.0444
38.4205
38.8072
49.2468
---------------------------------------------------


ID2:
18.5475
19.4967
20.7964
22.2798
23.4737
24.0904
25.2953
30.7784
34.7528
35.8664
36.2371
36.9509
---------------------------------------------------


IGFBP2:
14.3965
14.4655
17.1121
24.0068
24.8199
27.9935
32.9936
34.1115
34.3586
37.7742
42.1248
45.6975
---------------------------------------------------


ITGA6:
4.77584
5.3282
6.24515
6.96677
7.75029
8.57165
9.61583
10.7456
11.2534
12.2047
13.4738
13.8803
14.3593
---------------------------------------------------


DANCR:
1.17513
3.37467
3.57702
4.17946
4.43073
4.89131
4.99854
5.49916
6.28685
6.90875
10.7209
11.9834
---------------------------------------------------


MET:
0.756756
0.756781
0.863766
1.00872
1.01042
1.1254
1.16243
1.30985
1.32463
1.41125
1.46311
2.02677
3.35562
4.26398
---------------------------------------------------


MYC:
6.38918
8.05687
10.8669
13.1697
13.7515
14.0193
14.1372
14.4482
15.8441
19.5005
23.5273
26.587
---------------------------------------------------


NOS2:
2.42068
2.72872
4.17405
4.30312
5.75146
6.40676
7.395
8.49586
12.5844
12.643
14.9916
19.6585
---------------------------------------------------


PDGFRA:
10.5826
11.3194
11.5721
15.1073
15.2723
16.0275
18.0051
19.9238
21.6898
23.9778
25.0942
26.633
---------------------------------------------------


PI3:
0.435007
3.9898
4.79302
5.49763
5.71435
5.88788
6.42773
8.05612
11.6811
12.8845
12.9067
14.5447
23.8296
---------------------------------------------------


TGFBR2:
4.58637
5.49612
5.93013
6.48266
6.70662
6.8293
6.9702
7.66146
8.24368
10.3932
10.5084
10.9238
13.3263
13.7558
14.4811
---------------------------------------------------


TNFAIP3:
2.29256
2.38673
2.93716
3.93166
5.22729
5.48246
6.85789
7.17489
7.82876
9.72394
11.1972
21.5786
---------------------------------------------------


PROM1:
0.831381
1.27709
1.28763
1.43258
1.48747
2.21664
2.39447
2.45779
2.84876
2.92988
3.6228
6.27467
---------------------------------------------------


CD44:
16.6173
16.9443
30.392
30.4383
32.5209
33.6465
35.4294
37.9599
39.6057
47.0851
47.7077
55.1529
---------------------------------------------------


