OLIG2:
1.0384
3.49621
4.93089
5.67891
5.83988
11.8475
17.4789
17.7127
19.5206
27.4461
---------------------------------------------------


PDPN:
3.1416
4.76653
10.8679
12.526
14.1706
15.1814
19.5424
22.7655
25.7708
28.7836
---------------------------------------------------


POSTN:
2.52516
3.08331
3.43917
6.47015
12.7816
12.8594
14.8634
15.7905
16.6624
23.8321
---------------------------------------------------


EZH2:
3.74375
8.09316
8.81112
10.0302
11.2797
11.8759
13.5427
15.7554
19.3731
25.3403
---------------------------------------------------


HIF1A:
11.6427
20.455
21.5838
23.4132
25.2024
25.8452
26.1755
26.2084
28.5053
32.1401
---------------------------------------------------


BIRC5:
2.53824
3.04936
3.2533
3.52797
3.74421
4.76254
4.81038
5.66125
5.90265
11.4448
---------------------------------------------------


ID1:
17.4402
19.1764
20.5818
22.8323
22.8865
23.8541
24.2424
27.5531
31.9892
39.2722
---------------------------------------------------


ID2:
6.81164
13.6486
15.0203
15.9352
16.3123
18.5885
19.9596
23.8923
27.5047
29.0253
---------------------------------------------------


IGFBP2:
16.4121
16.7353
19.0828
22.3976
23.385
26.9843
34.4473
41.0471
54.4693
59.9422
---------------------------------------------------


ITGA6:
5.16586
6.2091
6.53118
6.68504
8.78633
9.45829
9.60472
11.3937
15.8607
16.7895
19.7941
---------------------------------------------------


DANCR:
1.87871
1.9086
1.98661
2.73051
2.78923
4.33466
4.51184
4.75266
6.92555
8.65619
---------------------------------------------------


MET:
0.616284
0.861127
0.873265
1.06667
1.28589
1.88357
2.10934
2.19996
2.79617
3.10428
---------------------------------------------------


MYC:
7.79523
9.62833
10.4643
14.3498
15.1038
15.3556
16.0925
22.8411
27.3909
38.2015
---------------------------------------------------


NOS2:
4.00025
7.23384
8.22594
8.43029
9.17224
10.6888
12.1416
12.2595
13.1193
13.6009
---------------------------------------------------


PDGFRA:
6.81301
8.12672
13.7854
14.401
14.4945
18.0138
18.97
19.0746
19.8884
20.446
---------------------------------------------------


PI3:
1.77495
2.21812
6.56211
8.06598
8.21868
8.44188
9.40554
16.6519
19.1039
21.924
---------------------------------------------------


TGFBR2:
8.38764
8.85239
9.54476
15.0615
15.8308
19.0213
21.3242
22.2423
25.2415
30.1837
---------------------------------------------------


TNFAIP3:
3.30787
8.49953
10.9786
11.4539
11.6128
12.0356
12.4578
15.7734
16.3099
18.3656
---------------------------------------------------


PROM1:
1.19277
1.31379
1.47943
1.63809
1.92953
1.95005
2.01036
2.16872
2.40315
3.4766
---------------------------------------------------


CD44:
15.5219
21.733
22.5541
24.7752
26.1585
26.7169
29.1687
33.6254
37.53
38.3391
---------------------------------------------------


