OLIG2:
6.40651
9.57823
11.0491
11.1557
11.6475
13.0329
13.3831
14.0392
18.2416
20.0485
---------------------------------------------------


PDPN:
2.7332
2.95316
3.32191
3.5819
4.22835
4.4895
4.78967
5.62184
5.74305
5.79919
---------------------------------------------------


POSTN:
0.342721
0.571779
0.670205
0.694379
0.949164
0.953541
1.19076
1.32951
1.51838
1.6252
3.10593
---------------------------------------------------


MECOM:
0.208008
0.665947
0.786985
0.794882
0.811485
0.845608
1.32855
2.55424
2.97721
3.07094
3.14523
4.1392
5.41278
---------------------------------------------------


EZH2:
8.47067
8.54649
8.90307
9.70934
9.71178
10.3522
10.4805
13.6151
16.4169
17.5859
---------------------------------------------------


HIF1A:
4.94545
9.57369
9.76635
12.0679
12.2798
12.6008
13.1917
15.1902
17.5412
19.1694
---------------------------------------------------


BIRC5:
1.91021
2.48568
2.56977
2.61154
2.89579
2.90131
3.93238
5.2523
5.34908
5.67226
---------------------------------------------------


ID1:
4.18169
5.85083
6.73624
8.14752
8.20428
8.88412
9.11171
9.82629
10.6577
11.5437
---------------------------------------------------


ID2:
5.04545
6.50845
7.40808
7.6221
7.62535
8.23364
8.80687
11.1304
12.2373
13.0846
---------------------------------------------------


IGFBP2:
8.32271
8.63151
11.8372
13.0432
13.6801
14.8684
18.6431
18.7392
26.9435
27.4898
---------------------------------------------------


ITGA6:
1.38644
2.39139
2.70016
2.77767
2.97285
3.51868
3.83878
4.7742
5.57132
6.11308
---------------------------------------------------


DANCR:
1.04057
1.15972
1.34647
1.67165
1.74556
2.35532
2.44208
2.57889
2.64863
3.11507
---------------------------------------------------


MET:
0.0247439
0.0340944
0.0415983
0.0675539
0.0867629
0.0982247
0.110434
0.127735
0.412436
1.16895
---------------------------------------------------


MYC:
2.98961
4.81537
5.14758
6.25718
8.29859
9.16695
10.1518
12.3247
13.6072
14.1114
17.3279
---------------------------------------------------


NOS2:
0.917593
1.31973
1.32393
1.85875
1.93023
2.01583
2.82251
2.86244
4.04666
4.34531
---------------------------------------------------


PDGFRA:
2.55256
3.42763
3.96149
4.85729
4.91556
4.98895
5.63888
5.67787
6.44923
6.82091
---------------------------------------------------


PI3:
0.111722
0.119938
0.128141
0.228961
0.239774
0.45147
0.729137
0.78882
0.822951
0.876971
---------------------------------------------------


TGFBR2:
3.41677
3.97746
4.26838
4.45211
4.73854
5.06641
6.16691
6.26841
6.55336
7.3886
11.283
---------------------------------------------------


TNFAIP3:
0.60161
0.669734
0.881558
1.09862
1.26392
1.42617
1.43432
1.44634
2.42073
5.43774
---------------------------------------------------


PROM1:
0.657588
0.724772
1.33462
2.00553
2.01016
2.04252
3.04288
3.05906
3.92652
4.15833
4.29741
---------------------------------------------------


CD44:
8.71399
9.26016
10.8305
10.9243
11.2984
12.5931
13.2059
13.414
15.8771
18.3267
22.2404
---------------------------------------------------


