MECOM:
0.00384172
0.0138154
0.0142867
0.0158409
0.0209345
0.0210831
0.0232605
0.0266672
0.0295884
0.047757
0.0991369
0.107337
0.990513
1.59515
1.7664
1.8812
2.31217
5.02931
5.4239
11.7526
12.8677
15.7829
16.7431
25.2659
31.702
---------------------------------------------------


UHRF1:
17.0316
22.6187
26.1719
31.1325
35.2715
35.5697
37.4098
37.634
38.4758
47.9383
---------------------------------------------------


NOVA1:
90.2002
90.2207
93.9454
96.3878
103.553
106.918
109.155
142.036
147.117
159.766
---------------------------------------------------


