OLIG2:
2.45731
5.94845
6.60634
7.85955
7.88133
8.10612
8.15873
9.60255
10.7746
15.5869
---------------------------------------------------


PDPN:
0.480594
12.8221
13.5335
15.9359
18.8013
19.3878
21.7182
25.4795
34.048
38.1126
---------------------------------------------------


POSTN:
6.65944
10.0363
10.3721
14.5066
19.0706
20.5998
23.8046
25.2102
30.8612
---------------------------------------------------


MECOM:
0.00110809
0.00113229
0.00177718
0.00408614
0.00666352
0.00693254
0.00769524
0.0144832
0.0299231
0.0407292
0.0502991
0.0696931
0.141071
0.248897
0.331447
0.413514
0.641594
0.906937
1.00125
1.44136
1.71451
---------------------------------------------------


EZH2:
2.19111
3.55684
3.7882
6.43006
7.02427
8.44477
9.84174
10.7147
11.134
---------------------------------------------------


HIF1A:
0.707787
5.42015
9.03021
11.1657
17.4892
17.8723
23.6103
28.1492
30.0669
34.5296
---------------------------------------------------


BIRC5:
0.44111
0.787567
1.11086
2.0956
2.19786
2.49543
3.2821
5.13509
5.96186
---------------------------------------------------


ID1:
4.96136
5.5715
7.35025
8.61268
10.7217
10.7823
13.3506
13.9525
22.1314
---------------------------------------------------


ID2:
21.6743
26.2757
28.4485
29.5558
33.4598
35.8455
37.073
37.8589
46.0358
47.7361
---------------------------------------------------


IGFBP2:
4.90863
6.68816
15.1044
16.9755
21.6093
21.9377
22.5984
24.7667
30.4463
47.1188
---------------------------------------------------


ITGA6:
0.900785
1.05678
2.08726
2.67083
3.07059
3.40383
3.44542
3.68075
4.92541
---------------------------------------------------


DANCR:
0.482834
0.811148
0.990645
1.21315
1.52141
2.08739
2.42327
3.51008
5.15975
---------------------------------------------------


MET:
0.269551
0.431454
0.940958
0.987214
1.0417
1.47485
1.50871
2.04517
2.7383
2.91633
---------------------------------------------------


MYC:
1.28951
5.25469
5.29356
5.4792
9.919
10.7285
11.2366
12.0924
13.7159
15.2528
---------------------------------------------------


NOS2:
4.64163
4.67534
4.85174
7.2579
7.44493
7.57074
9.46207
12.7156
13.1632
---------------------------------------------------


PDGFRA:
0.0456173
0.272662
0.318081
0.364483
0.466883
0.67899
0.832401
0.937955
1.0937
1.33618
---------------------------------------------------


PI3:
0.0197478
0.0711518
0.187706
0.217719
0.226211
0.296983
0.347929
0.629902
0.773001
---------------------------------------------------


TGFBR2:
0.058396
1.55205
1.95951
2.06225
2.06415
2.71316
2.87184
3.45382
3.51575
5.17326
7.3815
---------------------------------------------------


TNFAIP3:
0.348136
0.371485
0.374256
0.401451
0.443279
0.542436
1.15917
1.3807
1.88959
---------------------------------------------------


PROM1:
0.367629
0.638189
1.60021
1.82098
1.83239
2.18572
3.96348
4.09126
4.21727
---------------------------------------------------


CD44:
0.275323
1.19846
4.17276
5.31366
10.3894
12.979
17.7479
18.2044
19.4778
22.0671
---------------------------------------------------


