OLIG2:
1.42502
2.16817
3.03304
3.21351
3.21371
3.27257
4.97064
5.62874
5.95782
8.2338
10.0946
10.3518
11.5251
12.4603
12.5136
13.1625
13.6405
15.2015
17.4883
17.8874
18.2272
18.5659
18.9408
26.6019
38.802
---------------------------------------------------


PDPN:
1.1566
1.62167
2.06539
4.19903
8.29359
12.3748
15.4318
15.7085
15.7927
15.836
17.1895
17.336
19.8337
19.9055
20.0584
25.2354
27.5875
27.7343
28.2009
28.8064
38.8312
39.9073
44.8434
44.9686
47.204
---------------------------------------------------


POSTN:
0.656527
0.666797
0.791868
1.47574
3.80365
3.94539
4.77803
5.76936
6.35812
6.63844
6.64646
6.81475
7.11585
7.71693
8.22386
8.61699
9.78623
10.5373
10.5536
11.3043
11.4898
13.6749
14.0387
14.1474
16.8239
17.1513
---------------------------------------------------


MECOM:
0.127456
0.459303
0.546821
1.08536
1.32575
1.34142
1.49598
1.54417
1.82867
1.93164
2.07474
2.39143
2.69735
2.80751
3.00953
9.80557
---------------------------------------------------


EZH2:
2.27524
2.54501
4.10605
4.22602
4.84968
5.00181
5.12167
5.32855
6.06752
6.18822
7.72888
8.04595
9.04319
9.44489
10.3307
10.3894
13.0471
14.0169
14.0858
14.248
15.7714
17.363
19.9697
21.9075
26.8134
---------------------------------------------------


HIF1A:
3.50905
5.89859
6.61676
8.27272
8.60828
10.9728
13.0747
16.4755
16.6825
16.7941
18.7117
20.2088
20.4826
21.0922
21.189
23.5013
24.1746
24.5259
25.1411
25.4776
28.3145
28.9359
39.2272
44.0758
45.8191
---------------------------------------------------


BIRC5:
0.27436
0.363071
0.422742
0.617812
0.634046
0.72557
0.735116
0.779235
0.799272
1.02796
1.05481
1.21272
1.30326
1.66381
1.95023
1.99342
2.02551
2.27324
2.28912
2.43774
2.5181
3.09066
4.1092
10.5424
11.7408
---------------------------------------------------


ID1:
0.807622
1.37266
1.4291
1.78052
1.81045
1.83396
1.93426
2.18389
2.5812
2.75475
3.74736
3.95704
4.04895
4.32587
4.36866
5.1059
5.41494
5.8519
6.10579
6.84698
7.51835
7.7566
7.85342
8.98418
11.2842
---------------------------------------------------


ID2:
3.12328
3.7921
7.49178
7.99604
8.65893
9.24947
10.133
14.0913
14.5357
18.4558
18.6579
18.7661
19.346
20.0629
20.2324
23.3519
24.2502
25.6876
28.1095
28.7383
30.8793
32.0936
35.421
40.361
42.628
---------------------------------------------------


IGFBP2:
17.5966
17.8689
17.9344
18.8376
19.6368
19.6832
20.6222
21.0476
21.2122
23.7734
24.6723
25.9962
28.6954
29.3073
29.7189
29.9501
29.9917
30.1646
32.017
35.0608
37.9648
38.2223
41.6376
41.9647
45.2999
51.642
---------------------------------------------------


ITGA6:
1.36905
1.76993
1.78421
1.82519
1.86823
2.07395
2.07873
2.0936
2.32746
2.52153
2.71651
2.76923
3.10447
3.27533
3.47975
3.68386
3.78148
3.99104
4.11956
4.34045
4.40794
4.44024
5.14035
5.43545
6.31965
---------------------------------------------------


DANCR:
1.19266
1.27227
1.53449
1.57812
2.05179
2.27283
2.31669
2.36497
3.1449
3.1734
3.40802
4.20921
5.19798
5.70009
5.8002
6.23552
6.88012
7.03538
7.47095
8.17737
8.35002
9.19876
9.38721
11.5557
12.6048
---------------------------------------------------


MET:
0.0810397
0.121752
0.126568
0.193626
0.210658
0.215184
0.221711
0.236486
0.247102
0.262777
0.290568
0.309155
0.321809
0.349141
0.372342
0.4088
0.477749
0.542554
0.561219
0.672041
1.08271
2.34086
2.69183
5.35736
9.351
17.6144
---------------------------------------------------


MYC:
2.96696
4.48238
6.17901
6.79387
9.20476
9.29047
11.3712
11.5467
12.6034
12.9693
12.9912
13.4604
14.2278
14.5327
15.0183
15.0431
15.6113
15.6461
18.2849
19.0362
19.3663
19.3742
20.7742
21.3473
32.5005
---------------------------------------------------


NOS2:
0.315474
0.957041
1.03974
1.4864
1.79811
2.18752
2.51647
2.70914
2.78131
2.94383
3.17764
3.35747
3.43564
3.59284
3.83604
4.15926
4.71053
5.03982
5.30178
5.74837
6.14203
7.29791
8.0407
10.4301
15.177
---------------------------------------------------


PDGFRA:
1.41493
1.68747
3.75071
4.4274
6.04766
6.56011
6.7408
8.02036
8.23068
8.46816
10.3918
10.4925
10.4982
11.889
13.97
14.735
14.7806
17.2081
18.6779
20.8347
23.6149
24.1956
29.0575
34.7917
42.8723
---------------------------------------------------


PI3:
0.114932
0.131223
0.173593
0.234472
0.252642
0.281971
0.389418
0.431042
0.614409
0.733564
0.746242
0.792416
0.925601
1.08442
1.11828
1.20194
1.4566
1.66712
1.70569
1.72989
2.08608
2.29527
2.51438
2.59313
4.02876
---------------------------------------------------


TGFBR2:
3.72766
3.81172
4.80233
6.2556
7.51323
9.2541
9.51892
9.77479
11.5572
11.9288
15.2365
16.4051
16.5402
17.9328
18.5153
18.7033
18.7336
19.2175
19.4659
20.5489
21.6425
22.1826
24.4985
25.3452
27.8135
28.8188
---------------------------------------------------


TNFAIP3:
0.350522
0.381615
0.700494
1.45505
1.53134
1.80293
2.07111
2.41598
2.75854
2.86627
2.94458
3.14223
3.42945
3.8334
4.02556
4.39791
4.59763
5.27202
5.42239
5.88756
5.94775
6.2479
11.1742
11.3869
12.299
---------------------------------------------------


PROM1:
0.85555
1.04111
1.34303
1.93472
2.01327
2.08847
2.16054
2.37928
2.42417
2.45419
3.01999
3.21007
3.32629
3.8463
3.92107
4.03722
4.0384
4.79674
5.43407
5.79912
7.0297
7.1425
9.17351
9.45182
12.4338
---------------------------------------------------


CD44:
8.81401
13.7208
18.4418
19.894
24.4946
26.4247
27.9195
30.2816
35.6708
37.5907
41.0687
41.3893
41.8569
43.6932
47.6247
48.4727
49.4509
49.4695
49.7964
50.4664
50.7903
53.5679
61.5223
72.0334
80.1082
---------------------------------------------------


