OLIG2:
5.96396
6.19101
6.70227
6.75503
7.36616
10.9003
13.4761
13.6594
14.9709
15.4562
15.7964
19.1473
22.3435
23.584
---------------------------------------------------


PDPN:
0.0118141
0.0285928
0.0296792
0.0656544
0.0958489
0.0966949
0.116565
0.268478
0.382962
0.57085
0.596791
0.709766
1.23891
1.54228
---------------------------------------------------


POSTN:
0.19696
0.223059
0.319544
0.320148
0.358623
0.367464
1.09341
1.13707
1.27008
1.42338
1.60906
1.68853
4.2318
4.93111
---------------------------------------------------


MECOM:
0.215157
0.318579
0.493032
0.748214
1.06846
1.193
1.19792
1.51921
2.07322
5.23113
---------------------------------------------------


EZH2:
1.74065
2.07312
2.30248
2.87675
2.99049
4.56524
4.71182
4.97054
5.10415
6.43749
6.60999
7.36332
7.37863
9.85821
---------------------------------------------------


HIF1A:
3.07507
3.44489
4.19423
4.97542
7.06357
8.16793
9.67722
13.5148
14.8212
15.4228
17.773
19.4509
24.4677
34.0381
---------------------------------------------------


BIRC5:
0.637303
0.71556
0.955801
1.61326
1.79936
1.81326
2.5168
2.90781
3.36866
3.40021
3.49216
3.8547
4.11029
5.94628
---------------------------------------------------


ID1:
2.90742
3.15472
4.58871
5.01783
7.78328
8.22294
8.96
9.42218
9.42392
9.56832
9.938
10.2317
12.7958
16.4454
---------------------------------------------------


ID2:
4.93171
9.10187
9.38479
10.1108
10.297
10.3696
10.9752
11.4099
17.1234
17.767
21.4447
23.4083
24.7882
28.8384
---------------------------------------------------


IGFBP2:
2.04935
3.21914
3.7468
4.01922
4.47964
4.93574
7.49286
8.28398
9.4831
11.6006
12.1684
12.9457
14.7722
17.142
29.8166
---------------------------------------------------


ITGA6:
1.48737
1.56822
1.73878
2.11619
2.18475
2.19515
2.48582
3.14885
3.29964
3.77718
6.21532
7.05043
8.25455
13.4475
---------------------------------------------------


DANCR:
0.331804
1.01067
1.12167
1.22484
1.23328
1.25617
1.3363
1.76377
1.8527
1.89473
1.9074
2.17889
3.08524
4.44403
---------------------------------------------------


MET:
0.0227247
0.0237219
0.0601984
0.0879162
0.0984403
0.124899
0.149779
0.217558
0.359293
0.489455
0.625607
1.60139
1.7476
2.88121
---------------------------------------------------


MYC:
3.77349
4.04006
4.81511
5.66989
5.73691
6.49472
7.01521
7.21419
10.1506
11.8088
12.1514
13.1982
15.7564
17.4207
---------------------------------------------------


NOS2:
0.210867
0.320165
0.762819
0.935661
1.34394
1.57001
1.67313
2.02927
2.0391
2.48583
2.94226
3.29963
3.91822
4.72643
---------------------------------------------------


PDGFRA:
1.58503
1.59415
1.66373
2.38395
2.7316
3.50964
4.39336
5.01731
5.46693
6.11423
7.38621
14.1299
14.6428
17.0897
---------------------------------------------------


PI3:
0.0246883
0.0371101
0.0549737
0.0761654
0.123058
0.1325
0.197994
0.202751
0.218749
0.225383
0.351592
0.779747
1.54317
1.71412
---------------------------------------------------


TGFBR2:
1.18036
2.54307
2.95616
3.70133
4.06608
6.50215
6.80274
9.55084
9.70711
10.4869
11.1648
12.8164
12.8538
16.5168
---------------------------------------------------


TNFAIP3:
0.17591
0.219121
0.356879
0.450759
0.473605
1.03129
1.21219
1.69319
2.43878
2.48915
2.85619
4.10566
4.7085
6.38909
---------------------------------------------------


PROM1:
0.619538
0.953609
0.971538
1.16184
1.47298
1.48463
1.71327
1.81767
2.09018
2.20148
3.1139
3.17982
3.799
5.82606
---------------------------------------------------


CD44:
1.16343
1.25555
4.17112
4.60397
5.02964
10.6832
12.5298
17.2642
17.5897
22.4655
25.7121
26.821
28.9314
35.0672
---------------------------------------------------


