OLIG2:
2.93852
14.2371
14.3008
15.4426
16.5283
16.7099
18.3484
19.7674
20.5998
21.1301
24.7491
27.1607
34.0468
---------------------------------------------------


PDPN:
0.0892151
0.30528
0.651821
1.84393
5.37423
5.84745
5.94205
6.10859
6.37493
6.41798
10.9802
11.9413
14.4341
24.1323
---------------------------------------------------


POSTN:
0.403317
0.473532
0.539242
1.06817
1.23323
1.52925
1.88502
4.16455
6.63313
11.6021
12.4841
14.7824
---------------------------------------------------


MECOM:
0.0074822
0.00935638
0.0139818
0.0143551
0.0155252
0.0407214
0.041447
0.0514844
0.0516908
0.0886236
0.121632
0.15362
0.250811
0.487571
0.61253
0.644908
1.21513
1.28321
1.33064
1.94671
3.40744
7.81295
7.87073
8.08379
---------------------------------------------------


EZH2:
3.65524
4.06373
5.50106
8.51938
9.43599
10.8967
13.8446
14.1821
14.5683
16.1614
17.148
22.746
---------------------------------------------------


HIF1A:
0.670083
2.43696
4.18815
5.79569
10.0887
11.6898
12.2335
15.6183
16.6499
17.2977
22.3541
26.4383
29.0407
---------------------------------------------------


BIRC5:
0.0
0.891351
1.57779
1.5893
1.88999
3.28449
3.69613
4.23933
4.34276
4.35041
6.24444
6.80659
---------------------------------------------------


ID1:
2.49735
3.79539
5.05158
8.22624
8.52842
9.18809
9.32882
10.0923
10.9402
12.038
13.4025
29.5978
---------------------------------------------------


ID2:
4.99695
7.67654
12.0394
13.4358
14.4104
17.2917
20.2547
20.3543
25.3915
32.9678
36.3501
41.4134
---------------------------------------------------


IGFBP2:
9.81597
13.32
13.7136
16.916
21.3505
21.6525
29.9158
32.4081
34.7176
35.9554
49.9415
64.2014
82.1485
---------------------------------------------------


ITGA6:
1.03012
1.22394
1.9844
2.12266
2.78578
3.3891
4.50495
4.63914
5.16848
5.9074
6.57332
7.00756
---------------------------------------------------


DANCR:
0.0730298
2.1641
2.65506
4.68485
4.86299
5.68546
6.29008
6.678
7.00914
9.62274
12.8635
18.7309
---------------------------------------------------


MET:
0.0520217
0.185091
0.250123
0.482555
0.93599
1.53156
2.14209
3.0227
4.48079
5.64645
6.4698
13.9959
15.6182
25.4123
---------------------------------------------------


MYC:
0.363872
1.69913
4.11988
4.71761
4.88869
5.80035
7.26121
9.22158
10.2332
13.0775
14.9774
21.5861
29.9648
---------------------------------------------------


NOS2:
2.10568
2.92752
3.02211
4.10864
6.24509
6.72534
7.81019
9.86794
12.6561
13.2859
13.8911
34.2972
---------------------------------------------------


PDGFRA:
0.116798
0.357226
1.20884
2.39801
2.49286
2.51491
4.4193
6.75918
7.12112
9.26382
9.56038
9.70099
12.8495
---------------------------------------------------


PI3:
0.090415
0.144681
0.382646
0.533773
0.698674
1.07724
1.15501
1.22198
1.48847
1.58251
1.94514
5.46633
---------------------------------------------------


TGFBR2:
0.036818
1.54768
3.04991
3.9189
4.06024
4.40534
5.03058
5.35204
5.46546
6.12201
6.99925
7.43132
7.68736
8.91079
9.83611
12.6072
---------------------------------------------------


TNFAIP3:
0.255764
0.569665
0.707687
0.821889
0.844687
0.851579
0.852993
0.915919
1.06359
1.8754
1.88348
4.13738
---------------------------------------------------


PROM1:
0.460369
0.604169
0.937754
0.938078
0.992235
1.00404
1.05303
1.1683
1.50415
1.89467
2.67181
3.26981
---------------------------------------------------


CD44:
2.31501
5.45852
15.3525
15.7223
17.8083
17.847
18.112
24.2709
25.4415
28.3373
31.8789
32.7917
38.2743
---------------------------------------------------


