OLIG2:
0.0
14.7152
14.9126
16.0237
21.3116
23.4443
30.048
32.7232
37.3472
46.447
---------------------------------------------------


PDPN:
0.0
0.19532
0.289487
1.34232
2.30907
2.72469
3.32633
7.58247
7.97281
10.4306
---------------------------------------------------


POSTN:
2.4716
3.24593
3.60635
6.04953
6.70424
12.3752
13.2176
13.5438
14.8667
1641.56
---------------------------------------------------


EZH2:
7.63411
7.85286
8.26777
11.395
12.0375
14.0049
20.7132
25.4257
44.2535
116.796
---------------------------------------------------


HIF1A:
0.0
8.59937
8.75248
9.49208
10.8269
10.8343
12.9811
28.0459
45.9268
50.3886
---------------------------------------------------


BIRC5:
0.0
1.43751
2.72925
2.91805
2.92899
3.98105
4.30963
6.24116
7.22432
12.6503
---------------------------------------------------


ID1:
0.0
6.32316
7.18611
11.6331
13.8381
16.6959
34.5246
34.8257
54.0188
55.0455
---------------------------------------------------


ID2:
4.41479
17.7671
26.133
37.967
46.9617
50.1597
51.3102
62.6772
71.9618
122.091
---------------------------------------------------


IGFBP2:
2.31809
6.76947
11.4818
12.2536
13.4787
17.1975
18.8676
22.105
26.3209
26.4227
---------------------------------------------------


ITGA6:
0.0
3.67803
4.20607
4.84905
5.12529
5.73575
8.23613
8.39099
17.7164
24.1292
33.374
---------------------------------------------------


DANCR:
1.72055
1.9111
2.30195
3.23431
3.59343
3.83774
3.99502
4.83413
6.93284
8.94672
---------------------------------------------------


MET:
1.22717
2.35851
3.18858
4.5856
6.15994
6.26715
6.27173
7.04346
12.9278
26.6761
---------------------------------------------------


MYC:
4.48975
6.51586
6.60658
10.1918
12.271
16.9379
27.0376
45.2026
48.5576
65.6407
---------------------------------------------------


NOS2:
6.21378
8.99572
9.90875
12.2133
13.938
14.5484
16.4685
22.1511
26.5128
33.7338
---------------------------------------------------


PDGFRA:
5.72696
5.91195
9.84557
9.87315
10.6701
14.1629
19.901
25.8091
26.5226
35.3781
---------------------------------------------------


PI3:
0.0
0.677184
3.92902
4.36792
4.79206
4.94489
9.56017
10.6219
20.8191
29.4718
---------------------------------------------------


TGFBR2:
2.81007
6.03403
7.60713
8.11557
8.99142
14.429
15.2319
31.7479
34.9653
237.028
---------------------------------------------------


TNFAIP3:
0.228465
0.451106
0.704557
1.33491
1.66044
2.53669
2.69103
4.52241
5.24902
13.2262
---------------------------------------------------


PROM1:
1.33499
1.96784
2.11675
2.59193
2.91653
4.24062
4.73674
4.7657
6.35738
7.11989
8.14738
---------------------------------------------------


CD44:
2.98349
3.24165
6.24569
8.78089
9.07542
9.95012
14.666
18.5058
19.0355
33.2677
35.6748
---------------------------------------------------


