BIRC5:
0.00673178
0.0163491
0.103874
0.148293
0.15095
0.165322
0.195535
0.321363
0.658846
1.25295
---------------------------------------------------


DANCR:
0.0375344
0.0655247
0.121899
0.214465
0.225169
0.307974
0.493348
0.848492
1.56229
2.52826
---------------------------------------------------


CD44:
0.429961
0.637987
0.78694
0.962622
1.76583
4.04235
4.55763
5.03773
7.40956
12.9516
---------------------------------------------------


EZH2:
0.253234
0.302693
0.31807
0.325527
0.43398
0.515928
0.578874
0.935918
1.02238
1.08388
---------------------------------------------------


HIF1A:
0.0651423
0.389773
0.450562
0.745641
1.1144
2.31193
2.90094
2.99672
4.01329
5.60304
---------------------------------------------------


ID1:
0.156427
0.187508
0.205599
0.237606
0.289873
0.560975
0.903595
1.55413
2.01947
2.02434
---------------------------------------------------


ID2:
3.04762
4.11334
7.18364
9.51545
10.0683
10.5699
11.5426
11.9315
12.7754
16.2388
---------------------------------------------------


IGFBP2:
3.46138
6.19535
9.258
10.088
13.1144
14.0406
16.854
18.7948
31.2587
36.2407
---------------------------------------------------


ITGA6:
0.075842
0.148381
0.257492
0.258883
0.482836
0.725457
0.789061
1.00025
1.24148
1.59517
---------------------------------------------------


MET:
0.0215567
0.0234913
0.0446324
0.0473131
0.0494054
0.0934823
0.0948576
0.097499
0.176964
0.415441
---------------------------------------------------


OLIG2:
0.818041
1.23114
2.04215
3.04762
4.47726
6.90345
8.09988
11.4516
11.5392
12.5574
---------------------------------------------------


PDPN:
0.566372
0.89999
0.996939
1.75827
2.16493
2.4642
3.35075
4.07144
6.03177
8.36186
---------------------------------------------------


POSTN:
0.114871
0.184219
0.212539
0.270525
0.366098
0.561672
0.656506
0.733486
0.814369
1.90206
---------------------------------------------------


MYC:
0.346726
0.447619
0.902262
1.18072
1.5931
1.65543
2.24251
2.4481
6.82361
7.53942
---------------------------------------------------


NOS2:
0.0833076
0.0923615
0.162941
0.23978
0.387295
0.462296
0.895257
2.17178
2.72907
4.8947
---------------------------------------------------


PDGFRA:
0.181359
0.195612
0.371953
0.525647
0.544117
0.59869
0.754232
1.12009
1.30349
3.10416
---------------------------------------------------


PI3:
0.0286748
0.0363914
0.0855992
0.120053
0.424798
0.451185
0.514915
0.746738
1.19546
1.43622
---------------------------------------------------


TGFBR2:
0.147792
0.521647
0.60058
0.772897
0.877296
1.0013
1.06566
1.09655
1.50345
1.5622
---------------------------------------------------


TNFAIP3:
0.0560011
0.106516
0.146134
0.202283
0.221766
0.316138
0.376894
0.411751
0.483283
0.931923
---------------------------------------------------


PROM1:
0.0914609
0.551972
0.567164
0.569003
0.673019
1.04791
1.09894
1.16091
1.96159
2.1387
---------------------------------------------------


