OLIG2:
12.2241
16.8381
44.7203
60.0727
63.5952
64.4816
65.8503
69.8108
87.4456
88.5217
---------------------------------------------------


PDPN:
5.00082
5.53113
8.03242
9.4187
16.91
20.0896
22.5667
24.971
34.6628
34.7032
---------------------------------------------------


POSTN:
14.4412
17.8284
19.9214
36.0052
36.2372
38.0739
50.8018
50.8475
57.2756
75.9767
---------------------------------------------------


EZH2:
7.42106
11.0329
15.5308
28.167
28.9149
29.4334
41.0929
44.1273
44.6542
50.6922
---------------------------------------------------


HIF1A:
11.7104
13.4367
21.627
29.0268
29.3446
31.3177
32.509
33.9941
55.4693
65.0472
---------------------------------------------------


BIRC5:
0.11159
0.749283
1.22362
2.8304
3.47718
4.84121
5.61521
9.04951
9.39952
15.1507
---------------------------------------------------


ID1:
32.6956
35.7307
36.0895
45.5677
45.9381
51.7092
57.1672
60.1688
70.0463
70.5071
---------------------------------------------------


ID2:
37.2692
47.2908
52.7003
52.836
70.6874
72.0075
86.3928
88.1202
93.0415
114.581
---------------------------------------------------


IGFBP2:
36.7309
47.6879
49.7017
51.6898
52.6141
75.9805
87.3492
97.4915
97.9644
100.178
---------------------------------------------------


ITGA6:
5.96882
8.13533
9.77695
11.1755
14.7562
15.2582
15.2892
15.4517
17.0184
28.7128
---------------------------------------------------


DANCR:
3.83201
8.44525
10.9984
11.3146
15.8612
16.2097
16.7888
25.6957
27.6676
27.7671
---------------------------------------------------


MET:
0.705588
1.00657
2.48047
3.44504
4.51998
6.57894
10.6378
15.9875
19.1619
20.2895
---------------------------------------------------


MYC:
6.56825
7.57731
9.26811
9.54643
12.5072
18.3039
29.9531
36.7706
48.5905
58.1786
---------------------------------------------------


NOS2:
5.031
7.92691
15.3149
19.3678
20.4541
25.4072
29.4084
35.2475
35.7474
42.8743
---------------------------------------------------


PDGFRA:
6.12772
10.4924
12.028
16.5686
16.6982
18.884
23.6499
29.1189
45.467
48.8904
---------------------------------------------------


PI3:
1.69275
2.87091
3.89663
4.29753
9.85926
16.0616
16.7496
20.7832
25.0691
32.1115
---------------------------------------------------


TGFBR2:
2.06155
2.41572
10.5971
12.9034
12.966
13.6869
13.9974
14.8804
15.1174
16.6132
---------------------------------------------------


TNFAIP3:
0.896637
1.45749
1.56537
2.09133
3.81458
5.43711
6.39076
6.39846
7.03832
9.73622
---------------------------------------------------


PROM1:
3.11501
7.39654
7.43824
7.91306
8.60391
12.9365
19.195
23.7025
25.0306
35.0046
---------------------------------------------------


CD44:
11.0266
24.9616
36.7199
37.4277
42.332
43.3964
46.1296
49.0294
53.2229
57.5027
---------------------------------------------------


