OLIG2:
0.634584
0.820799
1.2668
2.78809
4.4078
14.7885
---------------------------------------------------


PDPN:
0.0170927
0.164449
0.220485
0.542439
0.626087
0.850339
---------------------------------------------------


POSTN:
0.23994
0.244932
0.363101
0.468693
0.574237
0.590977
---------------------------------------------------


MECOM:
0.465258
0.516601
2.21415
---------------------------------------------------


EZH2:
0.288125
1.34773
1.81539
2.54437
3.37052
9.2905
---------------------------------------------------


HIF1A:
0.45992
0.479605
1.21173
2.04675
6.48331
15.7409
---------------------------------------------------


BIRC5:
0.0514009
0.184091
0.214623
0.504496
0.773978
2.44029
---------------------------------------------------


ID1:
0.538755
0.749016
1.06367
1.43029
2.68459
6.15866
---------------------------------------------------


ID2:
0.785553
2.17811
2.80775
3.73578
3.7693
9.73571
---------------------------------------------------


IGFBP2:
0.0558021
1.04487
1.93672
4.68058
5.39515
10.9465
---------------------------------------------------


ITGA6:
0.3501
0.378332
0.612551
1.34981
1.95504
3.4756
---------------------------------------------------


DANCR:
0.233021
0.298439
0.314997
0.491784
0.527525
0.961435
---------------------------------------------------


MET:
0.0273729
0.139396
0.328559
0.337016
0.356947
0.371941
---------------------------------------------------


MYC:
0.366983
4.28189
4.33678
4.69605
5.70467
6.17463
---------------------------------------------------


NOS2:
0.454764
0.506563
1.87832
2.12284
2.65467
7.89463
---------------------------------------------------


PDGFRA:
0.688011
1.98032
6.45173
7.30324
9.38865
13.6496
---------------------------------------------------


PI3:
0.0873842
0.32033
0.381672
0.471223
1.34707
1.36269
---------------------------------------------------


TGFBR2:
0.644179
0.733717
1.08221
1.40204
11.7878
17.8987
---------------------------------------------------


TNFAIP3:
0.0380058
0.122922
0.132896
0.268587
0.434728
1.9161
---------------------------------------------------


PROM1:
0.132291
0.141784
0.344545
0.542452
1.10558
1.40086
---------------------------------------------------


CD44:
2.66791
6.10887
6.54589
7.3462
8.15876
18.2223
---------------------------------------------------


