OLIG2:
15.577
17.3474
17.7684
17.8839
18.9829
19.5006
21.0614
23.2753
26.2208
27.8467
---------------------------------------------------


PDPN:
7.10709
14.5364
16.8215
21.4325
21.5154
21.7484
24.5735
24.685
24.8781
26.357
---------------------------------------------------


POSTN:
5.34847
9.9809
10.3105
10.704
11.4267
13.5379
14.3052
14.742
17.0065
18.6739
---------------------------------------------------


EZH2:
6.1177
8.48262
8.98781
12.0355
12.423
12.4628
12.4785
12.88
15.4392
22.025
---------------------------------------------------


HIF1A:
13.6934
16.0365
17.0818
17.3859
17.5138
18.9177
18.9719
21.1754
23.4287
24.8301
---------------------------------------------------


BIRC5:
1.31317
2.81105
2.95734
3.38649
5.48784
7.26518
9.01582
9.82681
9.94755
13.5506
---------------------------------------------------


ID1:
15.5398
16.4329
18.1815
18.9562
20.3939
20.6962
22.1363
23.4911
26.7404
30.2279
---------------------------------------------------


ID2:
7.8595
15.3227
15.9815
16.0871
16.1609
17.5512
18.2299
18.297
18.724
21.2489
---------------------------------------------------


IGFBP2:
16.0202
18.4248
18.9503
20.8045
23.0898
24.8495
26.2391
27.2201
29.0923
32.3176
---------------------------------------------------


ITGA6:
2.4375
3.84015
3.99773
4.35809
5.8905
6.47599
7.43014
8.02874
9.92407
13.6262
---------------------------------------------------


DANCR:
3.00134
3.73006
6.37577
7.28053
8.25503
8.42175
10.3587
11.6882
13.4593
15.3088
---------------------------------------------------


MET:
0.106661
0.294697
0.344746
0.398704
0.585979
0.872197
1.36626
2.14647
2.52742
3.73604
---------------------------------------------------


MYC:
5.88096
10.8438
12.285
12.9595
13.0355
13.2321
15.9742
16.2278
16.3327
23.8579
---------------------------------------------------


NOS2:
6.48193
8.41193
8.79408
11.26
11.5177
12.0121
12.6064
13.1243
17.733
18.2373
---------------------------------------------------


PDGFRA:
16.7196
18.6904
18.7226
20.6044
22.042
22.1583
24.081
29.2818
50.3959
51.0776
---------------------------------------------------


PI3:
0.205143
0.499375
0.640742
0.670618
0.947577
2.73825
2.91885
4.15382
6.29917
10.5759
---------------------------------------------------


TGFBR2:
3.78044
6.11019
9.50284
9.89405
13.635
16.2404
18.1581
22.8509
26.2938
34.0818
---------------------------------------------------


TNFAIP3:
0.834579
1.21299
1.33318
2.26433
4.04812
4.54864
4.88174
5.86451
6.13408
10.7712
---------------------------------------------------


PROM1:
1.63543
2.05466
2.97478
3.18474
3.33033
4.02475
4.04023
4.35966
7.56609
8.09789
---------------------------------------------------


CD44:
19.9799
22.7915
22.8304
22.9032
26.0153
26.6998
27.9663
29.6113
29.6777
30.2928
---------------------------------------------------


