POSTN:
3.87439
8.0618
11.32
13.5561
17.8408
22.981
23.2522
26.8678
28.6314
---------------------------------------------------


IGFBP2:
20.9052
22.7633
28.6907
31.1757
41.6414
41.9525
42.5631
45.4847
61.313
---------------------------------------------------


DANCR:
14.8347
17.8835
20.2661
22.8514
24.8438
31.905
34.6311
37.9252
39.2084
---------------------------------------------------


PI3:
1.09897
1.97594
3.37551
4.16084
4.63194
5.48346
8.88349
9.84917
10.2754
---------------------------------------------------


