OLIG2:
1.74977
2.65299
3.42869
3.87172
15.0506
19.4718
20.7099
31.371
41.3538
48.1835
48.9795
51.4976
67.4581
---------------------------------------------------


PDPN:
0.0112085
0.0115149
0.0125834
0.0438755
0.0721761
0.352133
2.13308
2.94292
5.16385
11.6794
18.3025
45.7497
52.9784
---------------------------------------------------


POSTN:
0.0443105
0.0952398
0.121527
0.243166
0.272565
0.429937
0.462921
0.489586
0.532606
0.535563
0.632807
1.08896
3.57885
---------------------------------------------------


MECOM:
0.0439004
0.185388
0.205917
0.361232
0.937754
0.960342
2.12027
2.16389
2.34277
2.47787
---------------------------------------------------


EZH2:
0.368784
0.383567
0.426496
0.833124
2.98547
5.21901
10.4397
10.7528
10.7887
12.6254
19.7178
23.2246
27.1222
---------------------------------------------------


HIF1A:
0.286556
0.345273
0.793054
0.934864
3.07337
9.73463
17.2321
22.8329
26.4366
26.9783
31.7561
64.7239
81.9054
---------------------------------------------------


BIRC5:
0.0195339
0.0202666
0.0254517
0.073241
0.11593
0.185004
0.423156
0.48962
0.820734
0.864781
0.99597
1.08721
1.5518
---------------------------------------------------


ID1:
0.836384
1.42404
2.41803
3.92757
4.91087
5.02596
5.55168
7.80197
18.4691
23.3628
26.8337
51.8957
58.7596
---------------------------------------------------


ID2:
2.37868
2.58016
3.83384
3.92004
10.3199
14.5234
37.5438
38.5925
39.9602
41.3743
43.2083
77.0296
86.287
---------------------------------------------------


IGFBP2:
0.107854
0.131111
0.894841
3.43838
4.68864
9.8471
14.7311
19.0932
20.7272
23.1206
41.1879
41.9022
45.008
---------------------------------------------------


ITGA6:
0.408088
0.434101
0.706314
0.927125
1.88818
5.35766
23.489
24.2576
26.6102
30.2443
31.4479
36.2365
49.5986
---------------------------------------------------


DANCR:
0.276419
0.515123
0.947674
1.08637
2.78144
2.90068
10.1274
12.0736
13.0258
13.6062
16.4878
19.8146
24.6768
---------------------------------------------------


MET:
0.014737
0.0238793
0.0360401
0.0837116
0.0856113
0.0857196
0.0910399
0.118704
0.210464
0.805878
0.894717
2.62707
6.70523
8.22517
---------------------------------------------------


MYC:
0.843707
1.06037
1.66611
1.68112
2.70802
6.97955
15.9144
21.6348
23.788
29.9172
33.3684
33.9451
36.1766
---------------------------------------------------


NOS2:
0.247231
0.251383
0.714912
1.20134
1.69368
2.87176
3.57425
4.61796
4.84458
7.31383
12.0163
14.4992
15.3421
---------------------------------------------------


PDGFRA:
0.737052
0.914795
0.939724
1.02039
2.389
2.93257
4.68261
6.9218
7.71539
7.76552
7.99613
11.1162
12.5399
---------------------------------------------------


PI3:
0.0394024
0.0664492
0.0967696
0.106252
0.341134
0.537903
0.586972
0.694752
0.845169
1.02077
1.9605
3.04625
4.96367
14.2429
---------------------------------------------------


TGFBR2:
0.147522
0.15198
0.314636
0.412217
0.66647
2.78578
3.38253
4.14689
4.53724
6.94988
12.4155
26.5405
40.9826
---------------------------------------------------


TNFAIP3:
0.0315575
0.0519225
0.0870569
0.0965695
0.101467
0.355114
0.388962
0.482477
0.492799
0.60804
0.746709
9.17904
11.2653
30.5627
---------------------------------------------------


PROM1:
0.235789
0.264218
0.367304
0.389221
1.5799
2.32357
4.23234
5.36534
5.66424
7.6095
7.62556
17.3693
18.5996
---------------------------------------------------


CD44:
0.668996
1.29192
1.44124
1.61645
2.54676
5.63293
13.0047
15.8645
22.2301
35.9248
41.4429
86.2009
92.9351
95.8639
---------------------------------------------------


