OLIG2:
9.79942
10.6446
15.6157
17.1366
18.7135
21.0003
23.1571
26.6556
27.5337
28.6205
28.7859
29.5179
30.9694
32.2246
41.5646
42.7956
---------------------------------------------------


PDPN:
1.06649
1.89989
1.95508
2.59439
2.59823
3.64292
4.71158
5.39142
5.43697
5.5204
5.64837
5.65464
6.88339
10.9271
19.6853
22.0233
---------------------------------------------------


POSTN:
2.59049
3.36039
5.54479
6.18022
6.74819
8.23555
8.69198
10.315
11.4639
11.4761
12.8727
13.373
14.0216
14.3291
21.3589
21.4582
---------------------------------------------------


MECOM:
0.200451
0.252368
0.375122
0.448652
0.641643
0.71348
0.736834
0.769769
0.998711
1.49007
1.82362
---------------------------------------------------


EZH2:
3.84123
4.24378
5.0082
5.0171
5.60748
5.85761
6.20884
6.22842
6.412
6.51331
6.78564
7.7544
7.95567
10.6957
10.847
15.39
---------------------------------------------------


HIF1A:
17.3373
18.1693
18.5208
19.7978
22.956
23.0325
23.64
26.4785
26.8885
27.3052
28.0514
29.1835
32.5815
33.3835
36.0946
38.2381
---------------------------------------------------


BIRC5:
0.188576
0.329853
0.612436
0.617059
0.907806
0.925153
1.01008
1.11895
1.16106
1.16774
1.35999
1.3778
1.43511
1.48232
2.07656
2.66133
---------------------------------------------------


ID1:
8.83465
9.36883
11.2935
15.2231
16.6881
17.7429
18.5201
19.7974
22.1339
24.4624
28.9942
29.8257
30.8369
31.3053
37.5589
37.6541
38.6352
---------------------------------------------------


ID2:
8.35138
10.4298
11.8046
12.5939
14.0094
15.0085
17.745
18.0561
18.6881
19.3885
19.4206
21.7608
22.1139
24.6774
34.0313
34.0889
---------------------------------------------------


IGFBP2:
10.6676
17.7803
18.9996
19.4578
19.8308
22.9165
24.6093
25.259
25.4254
27.8938
28.0446
28.271
31.9931
32.406
33.6962
39.2942
---------------------------------------------------


ITGA6:
1.83802
2.01022
2.04152
2.89848
3.42918
4.0628
4.16836
4.31186
4.78242
5.29606
5.58398
5.94883
7.77055
9.13802
10.8986
11.3905
---------------------------------------------------


DANCR:
0.258462
0.294537
0.40693
0.416703
0.42407
0.448505
0.717571
1.33989
1.86739
1.99124
2.23185
2.35637
3.09652
3.52214
3.63375
7.21705
---------------------------------------------------


MET:
0.140895
0.148503
0.180623
0.215666
0.218015
0.306854
0.340308
0.346722
0.403647
0.463123
0.626224
0.931494
0.97931
1.11247
1.53573
2.00761
---------------------------------------------------


MYC:
14.432
14.5138
17.2531
17.9858
19.0189
19.2039
20.0779
22.1598
22.8395
24.1561
24.3118
27.4405
30.0065
32.8004
33.0809
40.6531
---------------------------------------------------


NOS2:
1.74788
3.25749
4.29867
8.08295
8.13553
8.19662
9.71478
9.89856
10.9314
11.8446
13.1639
14.0482
15.36
15.8426
17.4534
20.2092
---------------------------------------------------


PDGFRA:
1.67587
2.26081
2.28191
2.35142
3.82153
4.18577
4.74101
4.86678
6.39008
6.52509
6.84477
7.6415
7.93269
8.02291
8.64592
12.8729
---------------------------------------------------


PI3:
0.162893
0.163486
0.235101
0.34542
0.441056
0.552683
0.90445
1.14689
1.17055
1.26447
1.30563
1.33639
1.34867
1.48723
1.99198
6.60179
---------------------------------------------------


TGFBR2:
3.15303
3.20855
3.23096
3.6817
4.68357
4.84995
5.0125
5.44116
5.87367
7.20443
7.74615
9.13338
9.2092
9.72045
12.8638
13.5218
14.1135
---------------------------------------------------


TNFAIP3:
0.425124
0.47462
0.502828
0.587602
0.641599
0.8525
1.10072
1.26806
1.29015
1.36032
1.41488
1.46484
1.56699
1.65812
1.78622
2.22728
---------------------------------------------------


PROM1:
1.91913
2.06856
2.21635
3.03629
3.31068
4.73026
5.33399
5.56055
6.99311
7.64305
7.90783
8.75448
9.22252
9.43185
9.84692
10.7263
---------------------------------------------------


CD44:
13.2327
14.4616
16.1307
16.1882
19.7653
19.956
23.6992
24.8535
28.5919
31.8898
32.6206
37.0119
37.3246
40.6598
41.2488
46.7426
---------------------------------------------------


