OLIG2:
6.79228
8.52626
9.3224
10.9484
14.9546
21.3519
21.361
22.1413
22.2607
27.2657
32.1662
33.2492
35.8882
36.5101
---------------------------------------------------


PDPN:
0.0235427
0.0479186
0.0486148
0.0545858
0.0603186
0.0688226
0.0702447
0.0879151
0.090065
0.127593
0.170194
0.203618
0.41324
0.683567
---------------------------------------------------


POSTN:
0.0564929
0.0579881
0.0801024
0.113159
0.11552
0.118337
0.14477
0.202185
0.28608
0.342679
0.360725
0.363212
0.500066
4.05597
---------------------------------------------------


EZH2:
0.0389595
0.187546
0.252652
0.282421
0.301623
0.373693
0.397753
0.533405
0.593599
0.854851
0.874853
0.936962
1.53853
4.06912
---------------------------------------------------


HIF1A:
0.154791
0.364122
0.84477
0.913636
1.53229
2.18391
2.19941
2.26884
3.2983
4.65503
4.99737
6.62238
10.8655
12.0454
---------------------------------------------------


BIRC5:
0.0115728
0.0319454
0.047045
0.0531026
0.0832818
0.0942819
0.10495
0.115744
0.120484
0.134039
0.135556
0.178854
0.255574
0.295756
---------------------------------------------------


ID1:
0.942604
0.992985
1.42646
2.55616
2.87013
3.81103
4.62017
5.71934
7.33069
7.8801
9.52025
9.70033
9.94486
10.6752
---------------------------------------------------


ID2:
1.29085
1.88288
2.62818
2.69618
4.32404
5.80939
6.79837
7.40692
8.15331
9.06614
10.7783
16.7527
18.3935
26.8912
---------------------------------------------------


IGFBP2:
0.0650374
0.149514
0.18742
0.201855
0.286181
0.293317
0.359491
0.419502
0.559537
0.942678
1.01706
1.12983
1.24965
3.04804
---------------------------------------------------


ITGA6:
0.079901
0.109521
0.163093
0.193002
0.364442
0.396642
0.442868
0.47897
0.501143
0.640411
0.642277
1.03381
1.06393
1.15197
---------------------------------------------------


DANCR:
0.0645828
0.120442
0.185003
0.251595
0.258056
0.287573
0.321059
0.362511
0.38976
0.446007
0.596365
0.62632
0.752948
1.3527
---------------------------------------------------


MET:
0.0378398
0.0401952
0.0523292
0.0587643
0.074927
0.0840885
0.0887555
0.0992743
0.102346
0.110601
0.133321
0.177017
0.391091
0.498839
---------------------------------------------------


MYC:
0.194075
2.41397
3.19605
3.33714
5.13071
5.45047
5.48837
6.00503
6.11232
6.81076
10.6705
11.6056
11.7326
13.0025
---------------------------------------------------


NOS2:
0.122419
0.190225
0.193709
0.20358
0.205768
0.22083
0.258267
0.290202
0.405208
0.450833
0.653466
1.35598
1.65726
2.20344
---------------------------------------------------


PDGFRA:
0.547184
3.0741
3.19022
4.97855
5.60291
6.92809
7.94477
8.7956
9.78796
9.89209
11.1793
11.9373
13.3348
15.5912
---------------------------------------------------


PI3:
0.0746252
0.0900561
0.101786
0.103393
0.109072
0.114416
0.140137
0.25818
0.359302
0.405107
0.649692
0.703849
0.925514
1.4752
---------------------------------------------------


TGFBR2:
0.0966154
0.221725
0.237218
0.272652
0.295964
0.319575
0.319796
0.350784
0.382866
0.508702
0.601897
0.890295
1.53876
1.72059
---------------------------------------------------


TNFAIP3:
0.0539721
0.0699886
0.0720924
0.0785885
0.0962677
0.110942
0.113146
0.135223
0.190002
0.227477
0.285495
0.54204
0.55943
0.841943
---------------------------------------------------


PROM1:
0.0582199
0.232267
0.241576
0.259223
0.282378
0.289963
0.29156
0.297512
0.298729
0.37772
0.394237
0.823432
1.02729
3.64251
---------------------------------------------------


CD44:
1.36924
2.06963
4.63561
7.61752
7.63094
7.91717
8.15783
8.57557
9.66334
10.8873
10.954
30.076
63.2293
89.2769
---------------------------------------------------


