OLIG2:
0.0439199
2.51596
2.80582
3.72381
3.81838
7.93786
8.35394
8.77485
15.3003
15.993
17.4588
26.8391
30.978
---------------------------------------------------


PDPN:
0.0276693
0.528749
1.11813
1.53168
3.24773
3.39042
5.43677
9.00145
23.1358
32.1742
38.2275
39.8204
51.7596
---------------------------------------------------


POSTN:
2.33664
2.53285
2.89629
3.37408
3.55859
3.77275
4.01454
4.26946
6.14628
6.94338
27.8514
30.4132
---------------------------------------------------


MECOM:
0.00337437
0.00907185
0.0117984
0.0189923
0.0193438
0.0252395
0.0330369
0.0365536
0.0461805
0.0929212
0.0953242
0.12968
0.146802
0.255028
0.33072
0.415831
0.509741
0.904592
1.53095
---------------------------------------------------


EZH2:
0.567607
1.44961
1.72932
1.83136
1.95184
2.25443
2.27483
2.64176
3.29671
3.73969
6.68148
9.89501
---------------------------------------------------


HIF1A:
0.821254
3.21347
4.47316
4.60769
5.47792
7.14227
7.40746
7.85676
9.50599
18.6916
22.2561
33.4152
34.2667
---------------------------------------------------


BIRC5:
0.0478874
0.174587
0.262172
0.308718
0.466654
1.15531
1.18534
1.24975
1.30654
1.47011
1.87991
1.923
---------------------------------------------------


ID1:
0.581348
0.7714
1.56433
4.91421
5.27493
5.43838
8.94697
10.3097
10.7782
11.2177
17.119
17.8166
---------------------------------------------------


ID2:
3.00419
6.73388
11.6678
20.1782
26.4473
26.9304
27.1643
28.1537
29.3747
29.387
34.467
36.4541
37.1544
---------------------------------------------------


IGFBP2:
5.46237
8.15171
8.46958
8.67219
10.5766
11.4883
11.9411
16.2184
17.0504
20.0416
23.6754
28.2567
32.058
---------------------------------------------------


ITGA6:
0.210706
0.215299
0.303021
0.469928
0.641858
0.873428
1.01997
1.16668
1.36472
1.53649
2.03666
3.44219
---------------------------------------------------


DANCR:
0.155139
0.257755
0.345944
0.348488
0.419246
0.607825
0.885354
1.02265
1.15207
1.23177
1.33083
1.65093
---------------------------------------------------


MET:
0.0433107
0.0756947
0.085643
0.091612
0.156623
0.182682
0.20065
0.241236
0.24676
0.343355
0.935064
1.08109
---------------------------------------------------


MYC:
0.209598
2.20413
2.32389
2.97359
4.50644
4.51747
6.62156
7.02585
18.7193
20.234
21.6252
40.4876
71.2228
---------------------------------------------------


NOS2:
0.251378
0.286287
0.526729
0.553983
0.580889
0.963365
1.0855
1.09454
2.01047
2.49342
5.82453
6.29268
---------------------------------------------------


PDGFRA:
0.100384
1.33472
1.66708
2.57108
2.85477
3.43922
3.78507
4.77267
6.35711
7.35218
10.5517
11.4628
15.7081
---------------------------------------------------


PI3:
0.0767172
0.113202
0.184184
0.34265
0.974785
3.24315
11.2601
14.5247
17.5585
20.8871
21.2164
27.305
37.7724
---------------------------------------------------


TGFBR2:
0.0149848
0.991604
2.36877
2.84043
3.1441
4.07838
4.37052
4.42879
10.9137
12.8775
13.8246
15.2006
19.1246
---------------------------------------------------


TNFAIP3:
0.60371
0.701012
1.86135
2.09304
2.19787
2.41724
2.47354
2.72491
7.41105
8.8467
9.74007
15.8057
---------------------------------------------------


PROM1:
0.178706
0.21506
0.533007
0.536082
0.594906
1.02159
1.09754
1.51144
1.58542
2.44637
3.39693
4.58043
---------------------------------------------------


CD44:
6.47448
10.1348
14.9948
18.3505
21.3989
23.1845
25.5643
25.7948
27.3262
34.3734
36.3061
56.0031
59.4497
---------------------------------------------------


