OLIG2:
1.03476
1.65781
2.84179
4.07176
6.48662
7.34975
7.45826
7.88321
12.423
14.3503
19.5137
22.1663
---------------------------------------------------


PDPN:
4.12691
4.59492
4.90392
5.24844
5.35979
8.54471
11.0664
14.0689
14.6907
15.711
19.3205
20.7362
---------------------------------------------------


POSTN:
0.315006
0.56994
0.735659
1.70587
2.20143
3.82069
4.20501
5.10406
5.65794
6.45805
7.6769
14.0921
15.4548
---------------------------------------------------


MECOM:
0.0122565
0.0598661
0.111894
0.320052
0.49232
0.60822
0.997554
1.08886
1.11463
1.15734
2.33282
---------------------------------------------------


EZH2:
0.813857
0.958191
2.2354
2.80989
3.28532
3.63705
8.12583
8.42031
9.86346
13.7147
16.636
17.3421
---------------------------------------------------


HIF1A:
3.34779
3.95723
4.56163
5.52413
7.93355
8.23346
8.65175
10.567
13.1822
16.291
16.8644
18.3611
---------------------------------------------------


BIRC5:
0.150539
0.27126
1.0111
1.14511
1.46228
1.82569
3.69355
5.20202
5.37694
6.84773
7.50904
8.41351
---------------------------------------------------


ID1:
1.19942
2.15083
2.67013
3.45306
7.32408
7.87189
10.9323
12.1482
17.338
17.6455
18.7829
21.8109
---------------------------------------------------


ID2:
4.28759
5.31664
6.03014
7.15407
7.30088
8.49025
9.36062
10.2942
11.0865
14.4916
14.574
17.9851
21.8623
---------------------------------------------------


IGFBP2:
3.81492
6.95858
7.38889
7.78156
8.56273
8.66906
8.90783
10.3525
11.3797
15.2654
15.2864
16.3002
---------------------------------------------------


ITGA6:
0.151481
0.173824
0.235809
0.587671
0.729296
1.24918
1.86793
2.93209
3.47692
4.07112
4.09763
4.22731
---------------------------------------------------


DANCR:
4.11563
5.53367
8.9373
9.18543
9.49255
10.6633
14.0162
16.2166
17.902
19.3009
22.501
24.2255
---------------------------------------------------


MET:
0.849113
0.946746
0.977099
1.57483
2.52693
3.21689
5.66489
6.67096
7.1105
7.57312
11.8381
16.8909
28.0812
28.3508
---------------------------------------------------


MYC:
2.44274
3.22052
3.46952
4.85428
5.1622
6.76385
7.7224
10.0331
12.93
14.652
15.0041
15.0776
---------------------------------------------------


NOS2:
3.8965
5.117
5.36963
7.93522
8.73456
9.29977
9.41766
10.9204
11.6541
15.2864
16.7198
21.7192
32.1215
---------------------------------------------------


PDGFRA:
2.71262
3.54638
7.19236
7.9803
11.2964
11.5814
12.5317
13.9015
15.1736
17.547
17.9608
19.4177
---------------------------------------------------


PI3:
0.0354003
0.118364
0.123847
0.244878
0.270004
0.432088
2.85068
5.90934
7.58828
9.76871
12.3938
17.3998
---------------------------------------------------


TGFBR2:
0.305148
0.529809
0.812676
1.03638
2.03952
2.49133
5.07014
6.8512
7.67679
8.72588
9.06142
15.2358
19.1014
---------------------------------------------------


TNFAIP3:
0.160593
0.168691
0.181865
0.302766
0.335322
0.391309
0.69897
0.789949
1.01192
1.63832
2.80235
2.95066
---------------------------------------------------


PROM1:
0.033197
0.112369
0.167082
0.321122
0.358147
0.398451
1.13314
1.27785
1.47026
2.23159
4.41323
5.47385
---------------------------------------------------


CD44:
9.10982
9.24163
10.6039
10.9829
11.5242
11.7414
11.903
12.8376
17.4749
18.9586
19.1393
28.5278
---------------------------------------------------


