OLIG2:
12.4254
12.4462
16.2197
16.5004
18.8736
18.943
20.0958
21.5334
21.6396
21.8794
22.0876
22.3831
23.1656
28.8005
29.3409
31.0707
---------------------------------------------------


PDPN:
1.16689
1.73827
3.78831
6.98972
8.90684
10.1914
11.2717
11.6878
12.8176
15.2733
17.5083
18.6783
19.7816
20.2069
21.0594
22.036
24.8252
---------------------------------------------------


POSTN:
0.824015
1.35905
1.39675
3.68369
4.27961
4.42543
4.43126
5.43184
8.94386
11.4507
17.4144
20.9901
21.2927
23.6002
26.0768
26.1472
---------------------------------------------------


MECOM:
0.51482
1.53487
1.81064
2.50339
3.21503
3.69965
5.34593
5.88309
6.16244
7.55502
13.6473
---------------------------------------------------


EZH2:
6.38512
7.21825
8.71112
8.88094
10.3659
10.5227
11.8273
12.5941
13.1057
13.7339
14.5162
14.8472
16.2984
16.8493
17.7018
20.5725
---------------------------------------------------


HIF1A:
12.7064
19.0934
26.2903
26.8927
28.0114
28.6421
30.0755
31.4666
33.1094
33.6541
35.4789
39.1591
41.3723
42.5386
44.1823
50.8794
---------------------------------------------------


BIRC5:
1.44403
1.59405
1.88333
2.02425
3.10572
3.83906
3.90777
4.42611
4.46048
5.50241
6.03411
6.6342
6.67151
7.57819
9.32259
10.3987
---------------------------------------------------


ID1:
13.0599
17.6347
17.6477
20.2329
20.8593
21.3421
22.9128
24.1736
24.7937
26.3179
26.3282
27.1425
30.2565
30.7726
32.0781
36.9794
45.8489
---------------------------------------------------


ID2:
16.7847
22.1115
24.8376
25.995
26.5069
28.2412
30.3779
31.4648
31.4656
32.2282
33.5277
37.1972
37.6764
42.5268
45.5376
47.0835
---------------------------------------------------


IGFBP2:
29.8686
32.1454
34.6317
39.2262
40.4723
42.5195
46.9331
49.8438
51.8729
53.2892
59.0609
59.1182
61.245
61.7724
64.0095
65.3011
---------------------------------------------------


ITGA6:
1.45364
1.9875
2.06701
2.08985
2.59473
2.71008
3.11729
3.15241
3.35371
3.7362
3.82985
4.02454
4.46618
4.55374
5.11102
6.09752
---------------------------------------------------


DANCR:
1.93462
2.08873
2.95276
2.99296
3.22875
3.26049
3.43365
3.89578
4.30976
4.65742
4.71294
5.50614
7.53587
8.28551
9.4647
17.4091
---------------------------------------------------


MET:
0.232661
0.418758
0.431862
0.578777
0.648299
0.703307
0.748797
0.751706
0.75228
0.756008
0.757753
0.847411
1.1388
1.1395
1.40667
1.82098
2.42206
4.06158
---------------------------------------------------


MYC:
6.71082
7.46162
9.27338
9.29495
11.2514
12.4801
16.3443
16.8104
17.2225
17.8627
18.3749
18.4473
18.6083
18.6379
20.5629
35.236
---------------------------------------------------


NOS2:
2.27086
3.3179
5.42136
5.54009
5.85817
6.90478
8.06853
9.46631
10.0552
11.1818
11.9942
13.7732
15.565
16.1555
17.7139
19.1451
---------------------------------------------------


PDGFRA:
8.79466
9.17798
12.6651
12.9181
14.2734
14.8277
16.2815
17.818
19.7345
21.0203
21.3317
21.6101
23.6058
24.5344
27.0176
29.3502
---------------------------------------------------


PI3:
0.27421
0.284735
0.576983
0.889501
1.10961
1.41246
1.52671
3.53496
3.58546
3.92086
4.18392
4.75711
5.58151
7.03805
7.93312
13.8598
---------------------------------------------------


TGFBR2:
6.03009
6.6331
8.29515
9.04203
9.5431
9.85173
10.0565
11.8774
12.7761
13.6097
15.2003
16.1538
19.5659
19.6172
22.4107
28.1028
32.1271
34.0789
---------------------------------------------------


TNFAIP3:
1.27422
1.68739
2.40779
2.69449
2.88117
3.81588
4.6656
5.13151
5.23872
6.1261
7.14846
7.70204
8.5764
8.75238
11.5748
16.8077
---------------------------------------------------


PROM1:
1.85972
1.8852
1.93765
2.2044
2.54309
2.66848
2.67737
2.78147
2.91369
3.32332
3.35421
3.65246
3.89821
4.2342
4.33648
4.99303
---------------------------------------------------


CD44:
13.3107
19.1781
19.9933
28.7845
29.7868
33.298
35.4762
37.6709
38.3683
41.2327
42.6315
45.0027
50.3343
55.2762
64.6549
64.8114
---------------------------------------------------


