OLIG2:
1.35341
1.45408
1.5611
2.3279
2.41264
2.54076
2.57191
2.80383
2.82218
3.81947
3.92906
4.21287
5.13574
5.88675
6.7764
7.33633
---------------------------------------------------


PDPN:
1.94105
3.31728
3.57486
5.74246
6.88834
7.94282
9.05031
10.6877
11.233
11.4335
12.3977
13.7007
14.6564
15.293
15.9059
28.2357
35.3981
---------------------------------------------------


POSTN:
0.340764
0.850581
0.950376
1.26352
1.52192
1.56969
2.05284
2.17357
2.56172
3.13562
3.18701
3.25732
4.60865
7.39658
8.52831
23.9503
30.0405
---------------------------------------------------


MECOM:
0.0709634
0.0780859
0.122436
0.144902
0.171982
0.173725
0.181008
0.181742
0.216706
0.240495
0.279278
0.409464
---------------------------------------------------


EZH2:
1.67743
2.30468
2.7322
2.8061
2.98116
3.24983
3.55418
3.65661
4.73852
6.07319
6.58341
7.82764
9.19477
10.8366
10.8819
12.9978
---------------------------------------------------


HIF1A:
1.676
3.1718
5.89256
6.43347
7.91834
8.04246
9.89981
9.935
10.341
11.303
11.4293
13.2944
14.0387
21.7046
23.8636
31.0565
31.1305
---------------------------------------------------


BIRC5:
0.0205408
0.0656309
0.0988835
0.135602
0.14221
0.1954
0.287986
0.290493
0.317811
0.351767
0.507993
0.565935
0.637707
0.638654
0.762569
1.64367
---------------------------------------------------


ID1:
0.950518
0.999371
1.0682
1.29897
1.58163
1.70847
2.12767
2.37111
2.37382
2.67578
6.26483
7.59116
9.27398
10.6674
24.8979
27.6454
---------------------------------------------------


ID2:
2.28785
2.66029
2.77554
3.50626
3.76038
6.91424
7.97727
8.50898
9.6804
10.6776
11.1752
11.5495
12.8372
14.2495
19.891
22.9645
---------------------------------------------------


IGFBP2:
8.26276
8.33407
9.39567
13.1831
13.2374
13.8391
14.5369
16.0303
18.1591
20.9931
22.3597
22.6648
24.2517
31.1529
35.1681
35.2438
---------------------------------------------------


ITGA6:
0.378375
0.514002
0.60755
0.623907
0.647884
0.672634
0.751948
0.821449
0.835924
0.910721
1.12666
1.13376
1.26462
1.46935
1.56547
2.28208
---------------------------------------------------


DANCR:
0.411103
0.441547
0.873482
1.36047
1.37548
1.60746
2.20197
2.68594
2.69731
3.0186
3.16948
3.73484
3.79036
5.28813
5.72459
5.8143
---------------------------------------------------


MET:
0.0708041
0.105798
0.115205
0.123001
0.148565
0.200498
0.204799
0.229527
0.230049
0.376163
0.431453
0.505986
0.819867
0.878461
0.979091
1.74757
---------------------------------------------------


MYC:
5.36346
5.92203
5.99082
7.62128
8.06144
8.11068
8.45916
9.02404
10.1182
10.8127
14.6063
14.9964
17.1088
19.7676
21.0198
22.3476
24.3212
---------------------------------------------------


NOS2:
0.743639
0.795534
0.820019
0.838173
0.890347
0.927292
1.0046
1.18019
1.27634
1.65863
2.18829
2.77545
3.15971
3.44265
3.80078
4.40684
---------------------------------------------------


PDGFRA:
0.446916
0.551779
0.65797
0.694627
0.994464
1.0985
1.2775
1.36512
1.44874
1.45832
1.66985
1.98495
2.2865
2.39863
3.48804
3.4925
---------------------------------------------------


PI3:
0.190411
0.219917
0.264636
0.3298
0.332928
0.345586
0.417658
0.58889
0.82251
0.838502
0.931545
0.97239
1.06186
1.34795
1.48037
1.49001
---------------------------------------------------


TGFBR2:
0.375123
0.569755
0.983725
1.28224
1.37964
1.54856
1.80198
2.0154
2.21418
2.69414
3.09409
3.3228
3.54887
4.18655
6.14343
6.37243
---------------------------------------------------


TNFAIP3:
0.348186
0.378457
0.468454
0.659606
0.682391
0.735602
0.792915
0.833055
1.02919
1.03382
1.04284
1.06552
3.25763
3.73115
4.19347
5.14623
---------------------------------------------------


PROM1:
0.180648
0.319524
0.477021
0.572011
0.681905
0.723414
0.737469
0.740673
1.01376
1.25651
1.33209
1.34022
1.57303
1.62236
1.93818
1.9765
---------------------------------------------------


CD44:
7.28315
8.28893
9.19382
10.1556
10.8437
11.1966
13.8352
13.9541
14.7448
17.7693
18.6083
23.2987
23.4022
23.9217
32.7891
49.6991
---------------------------------------------------


