OLIG2:
7.94379
12.5935
15.3064
15.8645
20.8003
21.0638
27.4745
30.3773
39.2891
---------------------------------------------------


PDPN:
0.74642
18.9125
19.8016
20.5741
21.1264
23.3262
26.9987
31.434
33.9971
---------------------------------------------------


MECOM:
0.0106528
0.0112172
0.0179953
0.0193042
0.040287
0.0446775
0.0496387
0.091871
0.098565
0.0999875
0.111651
0.204646
0.338211
1.60406
1.843
1.87937
2.20651
3.85478
4.90177
9.88538
13.5946
---------------------------------------------------


HIF1A:
4.24101
18.797
23.0455
29.1981
35.5943
36.6935
44.165
46.7165
61.8827
---------------------------------------------------


ID2:
11.8601
13.0154
17.2181
19.91
21.3434
21.3774
22.4009
22.9735
34.6247
---------------------------------------------------


IGFBP2:
17.1564
22.3034
25.4648
26.6583
27.2384
34.0359
36.7611
41.7719
46.3459
---------------------------------------------------


MET:
0.314259
0.626722
0.785019
1.36876
1.38457
1.45687
1.90974
2.27178
4.07561
5.78318
---------------------------------------------------


MYC:
3.8623
17.8067
18.6489
21.4669
22.715
25.5225
30.8299
33.5016
35.3215
---------------------------------------------------


PDGFRA:
0.0717481
1.12162
1.14705
1.61655
1.87605
2.352
2.8214
2.86434
5.81779
---------------------------------------------------


TGFBR2:
0.0931283
5.72342
9.91977
10.9651
12.2822
12.9088
16.3864
16.6764
18.7761
24.034
26.2105
---------------------------------------------------


CD44:
0.738244
9.55224
14.4552
17.0403
20.4745
22.2505
22.7808
32.2508
38.6586
---------------------------------------------------


