MECOM:
0.0208322
0.0212617
0.0238645
0.030246
0.0387277
0.0547304
0.0679915
0.115773
0.391501
0.470925
0.517854
1.14711
---------------------------------------------------


OLIG2:
3.79056
4.53486
5.78513
6.05428
6.19606
6.8855
9.1813
10.8386
10.9101
11.5955
13.9967
14.0187
14.1363
16.1461
16.272
19.2205
---------------------------------------------------


PDPN:
0.902122
1.05491
1.29593
1.47023
2.38718
2.57352
2.88451
3.38317
4.09573
4.61119
5.57198
5.92013
6.56852
7.73245
13.7465
14.106
---------------------------------------------------


POSTN:
0.108734
0.112071
0.174451
0.182658
0.192656
0.195104
0.246602
0.251558
0.264667
0.39211
0.40922
0.492816
0.646629
0.709033
1.03161
1.45311
---------------------------------------------------


EZH2:
2.17466
2.41463
2.48356
3.00617
3.37198
3.38035
3.39127
3.427
3.44142
4.64114
5.21524
5.72579
5.88164
6.87295
10.8867
15.6384
---------------------------------------------------


HIF1A:
0.458725
0.88736
0.938162
1.18642
1.27063
1.38957
1.57399
1.79829
1.81036
2.01361
2.1618
2.62572
2.87252
2.88742
4.31641
6.04188
---------------------------------------------------


BIRC5:
0.111611
0.139914
0.227159
0.284496
0.294335
0.321878
0.39802
0.419702
0.484298
0.730509
0.796378
0.999949
1.02074
1.0266
1.03211
1.06883
---------------------------------------------------


ID1:
0.45067
0.534293
0.55512
0.581178
0.810777
0.852406
0.909534
0.937041
0.943305
1.01701
1.12525
1.15069
1.26185
1.43001
1.57256
2.07725
---------------------------------------------------


ID2:
7.9762
8.37104
9.65551
9.66228
9.983
10.531
10.7943
10.9384
12.0135
12.4349
13.2328
16.419
17.276
17.3211
17.8461
18.689
28.8703
---------------------------------------------------


IGFBP2:
9.01164
10.9066
12.1525
12.219
12.462
13.6925
15.3966
15.9064
15.9165
16.4502
16.5812
16.8419
16.9687
17.0748
17.156
20.9849
---------------------------------------------------


ITGA6:
0.62783
0.72102
0.737483
0.749136
0.770731
0.790235
0.821771
0.82814
0.850018
1.05465
1.09417
1.11478
1.30486
1.83887
2.01871
2.59814
---------------------------------------------------


DANCR:
0.255638
0.261935
0.282356
0.375021
0.390278
0.453251
0.453334
0.474254
0.496616
0.887638
0.992141
1.11672
1.13509
1.22439
1.25256
1.28295
---------------------------------------------------


MET:
0.0113121
0.0142024
0.0223156
0.0385257
0.0399572
0.0451359
0.0452579
0.0520904
0.0702246
0.0703355
0.0879458
0.101247
0.15439
0.162393
0.254909
0.517381
---------------------------------------------------


MYC:
1.25664
1.33699
1.81845
2.54126
3.53687
3.64117
3.64955
5.2871
5.91397
5.9845
6.25635
6.89088
10.12
11.195
12.2889
24.1238
---------------------------------------------------


NOS2:
0.0894715
0.508566
0.52452
0.538764
0.572863
0.652348
0.729945
0.815522
1.54921
1.64739
1.79
2.50058
2.51757
2.9504
3.0453
4.20703
---------------------------------------------------


PDGFRA:
2.80547
3.28568
5.92818
6.44323
6.66804
7.88774
8.06052
12.0756
12.4106
13.4707
14.8122
15.2916
17.0318
17.7592
18.5881
21.1971
---------------------------------------------------


PI3:
0.016024
0.0720858
0.0833047
0.0909785
0.108383
0.118344
0.141612
0.17642
0.247958
0.277455
0.306378
0.36161
0.582354
0.582713
0.609519
0.73948
---------------------------------------------------


TGFBR2:
0.177201
0.195563
0.22544
0.245732
0.312213
0.329001
0.352292
0.429493
0.566289
0.629031
0.949249
0.954712
0.992702
1.11863
2.16776
2.74816
---------------------------------------------------


TNFAIP3:
0.173063
0.194104
0.253505
0.266665
0.314996
0.344549
0.388772
0.41877
0.477344
0.483425
0.532409
0.562721
0.582347
0.600621
0.657347
0.795108
---------------------------------------------------


PROM1:
0.127597
0.199669
0.215536
0.239139
0.270149
0.27795
0.380717
0.597675
0.694911
0.961741
0.98035
1.47726
1.48774
1.82808
5.66206
7.16204
---------------------------------------------------


CD44:
2.41496
3.02064
3.35239
3.90287
4.04209
4.37433
4.53586
4.65799
5.36418
5.53779
5.88427
5.90121
6.11282
7.04179
8.95234
11.0146
---------------------------------------------------


