OLIG2:
5.20133
5.83089
6.35145
6.83333
10.3808
11.378
19.0566
19.7957
21.3691
22.4401
24.807
25.0827
28.7783
31.0398
36.5971
43.2968
---------------------------------------------------


PDPN:
0.0193021
0.0223347
0.0270209
0.0304682
0.0304852
0.0395533
0.060174
0.0667418
0.0882733
0.0903874
0.0957318
0.123628
0.145391
0.149698
0.23454
0.645513
---------------------------------------------------


POSTN:
0.0786967
0.0795912
0.0819906
0.0822075
0.108028
0.110681
0.114632
0.160251
0.226975
0.243287
0.252404
0.255884
0.374218
0.403859
0.433765
0.862946
---------------------------------------------------


EZH2:
0.18599
0.22656
0.231536
0.272916
0.351652
0.367986
0.385806
0.394604
0.456765
0.501507
0.569832
0.845469
1.08783
1.22739
2.28671
2.44369
---------------------------------------------------


HIF1A:
0.0934959
0.537368
0.693427
0.946895
1.38488
1.43406
1.80796
1.93283
2.26789
2.75393
3.27392
3.63338
4.60492
4.87906
5.4771
19.3704
---------------------------------------------------


BIRC5:
0.0208587
0.0340795
0.0389742
0.0736122
0.0753947
0.0795144
0.0804903
0.0862755
0.0908141
0.107491
0.153663
0.158396
0.165691
0.181175
0.202348
0.375014
---------------------------------------------------


ID1:
1.102
1.39108
1.55316
2.28473
2.5904
3.16577
3.27219
3.58654
3.74612
4.25263
5.71438
5.9841
8.07456
13.1907
14.8287
17.4477
---------------------------------------------------


ID2:
0.903457
1.4541
2.17494
2.50415
3.03732
4.49228
5.19022
5.29844
5.47991
6.69377
7.44895
8.06496
13.2266
14.3507
19.5771
22.7589
---------------------------------------------------


IGFBP2:
0.0806334
0.0996457
0.104585
0.152803
0.161353
0.163087
0.206874
0.297445
0.335215
0.357374
0.388452
0.404733
0.59817
0.714848
0.841307
1.29938
---------------------------------------------------


ITGA6:
0.155355
0.160059
0.161317
0.163684
0.184427
0.257323
0.257748
0.309183
0.368311
0.421432
0.426817
0.431912
0.538901
0.566385
0.583925
0.880638
---------------------------------------------------


DANCR:
0.113029
0.157125
0.177314
0.18088
0.195179
0.20357
0.226513
0.232852
0.259417
0.314493
0.396643
0.466941
0.537215
0.602493
0.837787
1.44179
---------------------------------------------------


MET:
0.0368221
0.0448737
0.0457438
0.0466887
0.0592427
0.0809106
0.0902995
0.103524
0.106049
0.106759
0.122738
0.123293
0.127645
0.128755
0.22838
0.29707
---------------------------------------------------


MYC:
2.27852
2.45553
3.03243
3.15554
3.18963
3.4606
3.52955
3.64715
4.32456
5.79403
6.91495
7.25667
7.9613
8.20645
9.47104
11.0499
---------------------------------------------------


NOS2:
0.0844098
0.157601
0.180008
0.180026
0.198579
0.20555
0.251281
0.284449
0.286994
0.311689
0.327023
0.355292
0.52638
0.531952
0.59435
2.48744
---------------------------------------------------


PDGFRA:
1.6827
3.21704
4.19586
4.75728
6.05989
6.42778
6.43311
6.67199
6.82913
7.09343
7.33897
10.295
10.6704
14.3011
16.3811
17.7072
---------------------------------------------------


PI3:
0.07301
0.0920531
0.0982412
0.0986027
0.131977
0.1398
0.1544
0.185413
0.218689
0.237667
0.2518
0.302375
0.331898
0.381992
0.531704
0.796105
---------------------------------------------------


TGFBR2:
0.144233
0.159457
0.189377
0.197224
0.214961
0.21714
0.253084
0.314044
0.315275
0.315723
0.361214
0.368646
0.386189
0.44232
0.456555
0.508443
---------------------------------------------------


TNFAIP3:
0.0644174
0.0770258
0.0811432
0.0856871
0.118072
0.127031
0.132042
0.19362
0.205482
0.208171
0.237857
0.281562
0.306975
0.362456
0.594297
0.620937
---------------------------------------------------


PROM1:
0.127775
0.222256
0.225917
0.237177
0.253602
0.322663
0.387014
0.402989
0.434749
0.434818
0.503626
0.627056
1.02492
1.06356
1.88794
7.87072
---------------------------------------------------


CD44:
5.24938
5.2689
6.62784
8.71634
9.20886
10.2172
11.0357
11.1111
12.0435
12.736
13.1231
14.3938
17.2425
20.1644
34.9583
50.0274
---------------------------------------------------


