MECOM:
2.52528
3.32337
4.25412
6.39174
8.09245
---------------------------------------------------


OLIG2:
18.3331
21.9561
33.4053
35.4911
41.9403
47.1258
---------------------------------------------------


PDPN:
0.439636
0.61202
1.47521
1.77727
4.55551
5.68136
---------------------------------------------------


POSTN:
0.477614
0.63896
1.27116
1.3019
1.85418
3.83434
5.89552
---------------------------------------------------


EZH2:
12.7354
14.971
18.6124
21.9837
32.9603
38.1614
---------------------------------------------------


HIF1A:
12.8873
18.6553
21.8774
26.4153
28.5236
30.7527
---------------------------------------------------


BIRC5:
3.32767
3.9719
4.15831
4.27348
4.50128
6.92728
---------------------------------------------------


ID1:
13.2789
13.2848
13.4967
15.6424
24.6655
31.8365
---------------------------------------------------


ID2:
21.0779
22.4794
23.2182
23.9586
25.3541
26.3416
---------------------------------------------------


IGFBP2:
16.4836
19.9841
23.8604
23.951
35.6546
37.4353
---------------------------------------------------


ITGA6:
2.08419
2.11197
3.28532
6.75023
7.29048
8.00497
---------------------------------------------------


DANCR:
0.601386
1.37727
1.76951
1.88316
2.29284
2.34225
---------------------------------------------------


MET:
0.10406
0.122727
0.127676
0.174673
0.193673
0.409637
---------------------------------------------------


MYC:
5.63199
5.87424
6.60436
8.11567
8.66038
16.1778
---------------------------------------------------


NOS2:
0.936147
2.34617
2.66359
2.7401
2.9673
5.99572
---------------------------------------------------


PDGFRA:
7.97997
9.85189
16.0392
18.2742
18.5017
44.8963
---------------------------------------------------


PI3:
0.0872732
0.245614
0.400266
0.743565
2.23256
2.60924
---------------------------------------------------


TGFBR2:
4.31822
9.76312
15.9842
18.985
27.2435
31.165
34.0991
---------------------------------------------------


TNFAIP3:
0.329376
0.451531
2.35683
2.56019
3.63635
4.70059
---------------------------------------------------


PROM1:
1.09681
1.73831
1.73944
1.97515
2.12459
2.83154
3.53648
---------------------------------------------------


CD44:
9.60093
12.6551
12.8608
12.9113
14.2256
15.0755
---------------------------------------------------


