MECOM:
0.202718
0.213878
0.242387
0.26086
0.472518
1.24064
1.99162
2.50995
5.33721
---------------------------------------------------


OLIG2:
13.376
17.8273
19.3512
21.0714
24.6191
25.1029
26.7191
29.8477
33.3889
36.8882
39.8631
---------------------------------------------------


PDPN:
0.0359719
0.0532119
0.0694111
0.0725073
0.0751314
0.126648
0.206299
0.262158
0.415223
0.924606
1.46399
---------------------------------------------------


POSTN:
0.221904
0.690722
1.21816
1.48715
1.49167
1.69209
1.77931
1.88195
1.92527
2.02843
2.84168
---------------------------------------------------


EZH2:
6.48829
7.50944
8.53133
10.0242
13.1159
15.905
19.1043
20.9932
23.9177
36.2435
37.6212
---------------------------------------------------


HIF1A:
7.19343
11.2495
13.0254
14.8861
20.1343
20.2119
21.385
21.86
23.2796
26.3924
34.6674
---------------------------------------------------


BIRC5:
1.00444
1.6238
2.33053
2.46409
2.47609
3.52974
3.63262
3.74487
5.20502
6.63
6.91102
---------------------------------------------------


ID1:
2.4233
6.24742
7.57561
12.6009
14.4503
14.6513
19.2179
20.4772
20.9143
32.1956
33.7737
---------------------------------------------------


ID2:
12.7532
13.2895
15.6315
16.1255
16.4546
25.0061
25.1
29.1609
29.8064
33.6305
37.8186
---------------------------------------------------


IGFBP2:
2.38579
4.01364
4.69067
4.77615
5.13859
6.26926
6.65324
7.42437
7.8615
9.72707
12.176
14.7037
---------------------------------------------------


ITGA6:
1.43665
2.64129
2.74904
5.14567
6.09592
7.66873
7.91294
8.59597
8.99218
9.84551
10.3629
---------------------------------------------------


DANCR:
1.30066
1.33251
1.49241
1.78163
2.31331
2.61645
3.05269
3.25974
4.56149
5.50253
7.99321
---------------------------------------------------


MET:
0.148578
0.272057
0.448475
0.756564
0.781298
1.14729
1.17938
1.31544
1.44365
1.64342
2.00017
3.16105
---------------------------------------------------


MYC:
3.64598
4.27644
4.64206
6.30029
6.73526
8.38887
8.75128
9.38764
14.1422
22.2724
26.1687
---------------------------------------------------


NOS2:
0.765996
0.906958
2.00877
2.27481
2.66626
3.58384
5.34353
5.42688
9.10763
10.0998
10.2204
---------------------------------------------------


PDGFRA:
10.1294
16.6819
16.741
23.3752
27.5475
33.1511
35.027
41.7337
42.2974
44.8454
50.9988
---------------------------------------------------


PI3:
0.136211
0.167173
0.178214
0.315218
0.349189
0.41673
0.540584
0.5494
2.23854
2.83484
5.03515
---------------------------------------------------


TGFBR2:
1.56816
1.60813
1.88944
4.31664
4.88487
5.69937
5.73833
5.78315
7.02991
7.21558
7.22748
8.87853
15.7223
---------------------------------------------------


TNFAIP3:
0.149311
0.165522
0.532817
0.571082
0.758224
0.861938
1.03587
1.04884
1.57026
1.88803
2.28466
---------------------------------------------------


PROM1:
0.271771
0.302983
0.489895
0.886545
0.979319
0.999644
1.09696
1.4213
1.99006
2.08877
2.4424
---------------------------------------------------


CD44:
7.09126
7.86515
8.95197
10.8001
14.7124
15.9181
22.8401
23.9857
28.0932
32.1278
38.6115
44.2135
---------------------------------------------------


