OLIG2:
1.02754
4.29168
5.28847
11.1374
13.3853
13.7768
14.1556
14.1626
16.3466
17.9126
19.4272
21.7862
22.1061
25.3177
26.8795
28.3828
---------------------------------------------------


PDPN:
0.0560055
3.89225
3.93772
4.43959
5.28468
7.25128
7.65091
9.01416
9.40495
10.0239
10.2661
13.3944
13.5213
16.5089
22.9251
---------------------------------------------------


POSTN:
1.65323
2.61735
4.05238
4.28512
6.1917
6.94431
7.0387
7.3521
7.67802
8.37807
9.14651
9.55737
11.1756
14.3145
17.1169
---------------------------------------------------


MECOM:
0.0
0.102599
0.138765
0.178926
0.317102
0.363431
0.412562
0.439156
0.741596
0.801641
1.23706
---------------------------------------------------


EZH2:
1.12589
1.23811
1.96136
2.86168
3.12747
3.29426
4.13456
4.3185
4.98745
5.4191
5.51597
6.09691
6.19923
6.7658
7.15282
9.16163
---------------------------------------------------


HIF1A:
8.69619
12.2279
12.7335
14.8366
15.4863
16.5443
17.4686
20.8251
21.32
24.2228
25.9697
27.4855
34.2535
34.3551
36.734
38.9717
---------------------------------------------------


BIRC5:
0.0
0.151878
0.231952
0.239824
0.246849
0.464062
0.591349
0.594583
0.66741
0.688759
0.726481
0.816638
0.841296
0.84517
0.868331
2.33048
---------------------------------------------------


ID1:
7.73459
13.7012
15.3708
16.0625
17.7597
18.2953
18.7682
21.003
22.9334
23.7056
23.733
25.305
29.0536
30.4265
37.4975
39.6432
51.4026
---------------------------------------------------


ID2:
2.41657
6.2177
6.88607
7.60692
11.1513
13.3182
13.9999
15.7384
17.1068
19.681
19.7975
19.9643
26.4476
27.0855
32.248
---------------------------------------------------


IGFBP2:
2.5837
7.39144
11.1696
12.3598
13.2737
15.0685
19.6063
21.041
25.5733
27.8748
28.1082
29.4609
30.5647
30.9806
31.1375
36.5186
---------------------------------------------------


ITGA6:
0.256081
0.782347
0.838558
1.00883
1.30869
1.76615
2.67158
3.85756
4.10983
4.12979
4.86353
5.15844
5.40533
5.931
6.16645
9.89162
---------------------------------------------------


DANCR:
0.219362
0.542167
0.545926
0.629147
0.733831
0.783995
1.32411
2.05776
2.84585
2.92599
2.99186
3.43245
3.94773
4.03482
7.45857
---------------------------------------------------


MET:
0.0469108
0.0516319
0.264364
0.271562
0.448777
0.458263
0.491016
0.493275
0.55933
0.932827
0.944415
1.60937
1.64201
1.77334
2.00859
2.64919
---------------------------------------------------


MYC:
10.3258
11.9763
18.605
20.6767
21.091
22.0247
22.9376
23.3988
24.1015
25.1236
27.5492
27.6978
29.9169
32.4678
35.6604
36.5582
---------------------------------------------------


NOS2:
1.88989
1.90446
2.18913
5.43026
5.88227
7.08591
7.10551
7.44211
7.82946
8.11816
8.42282
10.1129
10.4558
11.8315
12.844
---------------------------------------------------


PDGFRA:
1.06388
1.49808
2.18253
2.20132
2.59232
2.7968
3.1277
3.71313
4.77134
4.89083
5.31021
6.83582
6.84586
7.26972
10.4458
---------------------------------------------------


PI3:
0.0
0.351825
0.767841
0.945885
1.03807
1.23961
1.29913
1.81026
2.02471
2.14413
2.69335
4.02523
4.10759
4.34935
6.05343
20.4542
---------------------------------------------------


TGFBR2:
1.79697
1.8056
3.38704
3.87045
3.88218
4.83189
5.2406
5.43358
6.25534
6.40042
6.44062
6.56316
8.46459
8.68467
8.78865
9.58944
10.3758
---------------------------------------------------


TNFAIP3:
0.390387
0.59973
0.674192
0.846953
0.894295
1.42526
1.61375
1.63052
1.6993
2.27807
2.69255
2.9866
6.53684
6.98452
8.86091
11.5835
---------------------------------------------------


PROM1:
1.68006
1.99165
2.22694
2.90233
3.02847
3.29192
3.41316
3.59658
5.19389
5.95382
6.47535
7.21978
7.3505
7.91177
9.01992
10.5217
---------------------------------------------------


CD44:
5.63444
8.23884
13.9131
17.2023
17.2092
18.4197
20.0264
20.4156
20.8086
22.807
24.6644
29.0831
30.5008
37.5726
38.3071
43.6467
---------------------------------------------------


