OLIG2:
5.54181
6.10438
6.21282
10.6678
11.7808
14.5858
14.6717
16.7255
26.5272
28.1873
---------------------------------------------------


PDPN:
2.29038
3.03107
3.28837
3.40194
3.62211
4.45265
4.52205
4.53135
5.20798
7.1521
---------------------------------------------------


POSTN:
0.251145
0.301748
0.38495
0.424615
0.519591
0.523407
0.709314
0.999526
1.31979
1.3579
1.47053
---------------------------------------------------


MECOM:
0.279339
0.687926
0.78001
1.02357
1.02662
1.08459
1.17661
2.82604
3.0404
3.07526
3.97972
4.93841
5.8191
---------------------------------------------------


EZH2:
11.3599
11.5388
11.7966
12.7855
12.7894
13.0937
13.5285
14.3084
14.437
14.5481
---------------------------------------------------


HIF1A:
5.70883
6.98308
9.61188
10.4239
11.5955
12.3894
15.0609
15.315
15.6559
20.4021
---------------------------------------------------


BIRC5:
4.3044
4.78625
5.15349
5.37401
5.46517
5.57411
6.12137
6.31236
6.4527
10.1135
---------------------------------------------------


ID1:
5.67524
6.31829
8.30605
8.38132
9.66673
9.89025
10.049
10.3216
13.3796
14.2189
---------------------------------------------------


ID2:
5.54385
6.15996
6.51064
6.95395
7.73779
8.02969
8.86558
10.2584
10.3071
12.5868
---------------------------------------------------


IGFBP2:
3.76951
4.87681
7.47313
8.69184
9.27313
11.2408
15.3704
15.6672
25.7417
27.9063
---------------------------------------------------


ITGA6:
1.96263
2.6199
2.96729
3.27814
3.59928
3.95545
4.52945
4.61469
5.11044
5.35129
---------------------------------------------------


DANCR:
1.22579
1.37934
1.47136
1.52605
2.15255
2.76288
2.96716
3.07956
3.44737
3.82264
---------------------------------------------------


MET:
0.0217486
0.0282591
0.035312
0.0470631
0.0496234
0.0831091
0.111572
0.120827
0.129771
0.729228
---------------------------------------------------


MYC:
2.72614
2.93913
3.30104
4.08156
6.2054
6.42218
7.15917
8.39202
10.2722
11.8572
12.9734
---------------------------------------------------


NOS2:
0.793366
1.17844
1.45028
1.56508
1.66516
2.18868
2.99556
3.11152
3.15302
3.6673
---------------------------------------------------


PDGFRA:
1.72689
4.28287
4.33773
4.34974
5.09364
6.71556
7.58018
7.66176
8.16669
11.0577
---------------------------------------------------


PI3:
0.121132
0.126134
0.269837
0.273733
0.409977
0.500957
0.582671
0.632571
0.768558
1.12143
---------------------------------------------------


TGFBR2:
3.70506
3.96813
4.28302
4.44033
4.73133
5.66873
5.96134
6.05705
6.94904
7.03007
14.071
---------------------------------------------------


TNFAIP3:
0.501888
0.720054
0.756641
0.763332
0.810926
1.00691
1.15017
1.20533
1.847
3.64885
---------------------------------------------------


PROM1:
0.95564
1.12696
1.72232
2.06169
2.36713
2.5862
2.68652
3.14362
3.7956
4.1707
6.01914
---------------------------------------------------


CD44:
8.8601
9.01902
9.77125
10.0217
10.2535
10.548
11.0501
11.7565
13.6621
20.0221
20.3038
---------------------------------------------------


