OLIG2:
0.0362196
0.0656472
0.499962
0.698317
0.792488
1.41099
1.47226
2.41282
3.24886
3.64005
---------------------------------------------------


PDPN:
0.0338206
0.0478236
0.0963002
0.115996
0.813295
1.09728
2.67
2.70901
6.85995
10.9424
---------------------------------------------------


POSTN:
0.168306
0.354643
0.388413
0.458588
0.552447
0.845768
0.848798
1.352
1.58037
2.36632
---------------------------------------------------


EZH2:
0.170882
0.312287
0.40221
0.61484
0.732356
0.934243
1.99557
2.57435
4.1875
6.91047
---------------------------------------------------


HIF1A:
0.0405156
0.192509
0.399019
0.653393
1.37822
2.73935
3.02388
8.4033
11.5426
15.0019
---------------------------------------------------


BIRC5:
0.00133218
0.0617454
0.0671728
0.120519
0.12204
0.140121
0.150042
0.184115
0.339432
0.626387
---------------------------------------------------


ID1:
0.0340419
0.0878885
0.167736
0.317501
0.408545
0.511003
1.85824
2.08222
4.87869
11.3631
---------------------------------------------------


ID2:
0.120142
0.272304
0.981435
3.13227
3.57804
4.69086
6.73323
8.95854
12.6361
15.5945
---------------------------------------------------


IGFBP2:
0.141619
0.300569
1.7213
1.90354
2.55362
3.61213
4.77266
6.71263
7.4334
7.61865
---------------------------------------------------


ITGA6:
0.0255297
0.118818
0.17852
0.293715
0.357664
0.396345
0.465807
1.29417
1.55532
1.57268
---------------------------------------------------


DANCR:
0.0521174
0.0733208
0.12035
0.344534
0.417294
0.554357
1.78003
1.92805
2.16825
2.50844
---------------------------------------------------


MET:
0.0291954
0.10954
0.135276
0.141798
0.198722
0.211453
0.310328
0.325213
0.44012
0.962812
---------------------------------------------------


MYC:
0.532559
0.58147
3.63828
3.97144
5.83591
6.04727
7.62528
9.34826
11.6494
20.5989
---------------------------------------------------


NOS2:
0.0569846
0.171445
0.322689
0.359721
0.736844
0.885738
0.979304
1.276
1.84126
2.08471
---------------------------------------------------


PDGFRA:
0.0814033
0.149444
0.304237
0.344941
0.380773
0.451854
0.685057
0.896056
1.13011
1.83802
---------------------------------------------------


PI3:
0.140427
0.244667
0.249989
0.25941
0.276821
0.349555
0.399506
0.823353
0.840671
0.928237
---------------------------------------------------


TGFBR2:
0.119501
0.228487
0.270879
0.48211
0.770259
0.89009
1.38471
2.33412
3.72207
4.25774
---------------------------------------------------


TNFAIP3:
0.0370263
0.0706256
0.176599
0.46013
0.604616
0.641243
0.77582
1.03203
1.19769
1.50964
---------------------------------------------------


PROM1:
0.0725204
0.0747586
0.123924
0.158765
0.236909
0.627664
0.653383
0.788237
0.837546
1.01671
---------------------------------------------------


CD44:
0.0889895
0.178842
0.770744
0.964217
3.40935
4.21732
5.75188
6.28188
8.70613
13.9993
---------------------------------------------------


