OLIG2:
3.26324
3.39079
3.43764
3.45721
4.35091
4.36628
4.82229
4.84056
5.27023
5.4921
5.94762
6.01226
8.33913
8.67629
9.55646
12.0102
---------------------------------------------------


PDPN:
1.72331
2.0416
2.15475
2.54565
2.69144
2.85381
3.18975
3.38948
3.62089
3.62973
3.67333
3.97475
5.31469
6.15504
13.4003
14.1892
---------------------------------------------------


POSTN:
1.34186
1.83433
2.61573
3.04469
3.28933
3.30062
3.61635
3.70508
3.76116
4.11949
4.1533
4.22208
6.09261
6.28649
6.46076
7.2965
---------------------------------------------------


MECOM:
0.353994
0.437794
0.44099
0.605473
0.651781
1.04948
1.08577
1.27311
1.39794
2.00446
3.80885
---------------------------------------------------


EZH2:
3.27202
3.47782
3.6412
3.76714
3.93635
4.23279
5.31475
6.03065
6.97968
8.8086
9.03346
9.73122
9.93293
13.5937
13.8497
14.6893
---------------------------------------------------


HIF1A:
3.23876
3.93557
4.10676
4.11375
5.09329
5.85596
6.58957
6.60387
6.93173
7.08167
7.10725
7.34353
10.4015
11.2386
18.8092
22.5497
---------------------------------------------------


BIRC5:
0.628164
0.641148
0.871601
0.9424
1.04914
1.66869
1.68804
2.0629
2.43172
2.65657
3.32293
4.06508
4.47035
4.87864
4.88565
4.91284
---------------------------------------------------


ID1:
2.54924
3.00274
3.0449
3.31205
3.55799
3.62015
3.73381
3.77858
3.80023
4.12728
4.35029
6.81715
7.61917
8.11018
9.23001
13.5176
---------------------------------------------------


ID2:
3.2895
3.66164
3.87613
4.56374
4.80979
5.04494
5.24354
6.20304
6.33017
6.9131
7.25738
7.95088
8.16831
10.0019
14.5351
15.6838
---------------------------------------------------


IGFBP2:
2.45421
2.50138
2.56862
3.40641
3.54761
4.52466
4.84749
5.18527
5.25506
5.2741
5.6886
6.02244
7.56871
11.6572
17.0242
25.5105
---------------------------------------------------


ITGA6:
1.34188
1.38371
2.02082
2.16405
2.70137
2.72346
2.77577
2.92272
2.9494
3.41754
3.47301
3.62726
4.49254
4.50957
5.79297
6.24488
9.11956
---------------------------------------------------


DANCR:
0.172769
0.408533
0.409875
0.513255
0.568308
0.570875
0.620803
0.642459
0.676682
0.743277
0.750719
0.955079
1.12599
1.31274
1.82172
4.01074
---------------------------------------------------


MET:
0.0297461
0.0336892
0.0369773
0.0454965
0.0473505
0.0489902
0.0545994
0.068895
0.0801981
0.111189
0.118298
0.154674
0.165939
0.230492
0.286456
0.432351
---------------------------------------------------


MYC:
1.10454
1.24334
1.48085
1.72905
1.95507
1.9773
2.00111
2.10866
2.13786
2.65404
2.70358
2.76503
4.5684
6.14293
6.14777
6.92723
---------------------------------------------------


NOS2:
0.464389
0.503907
0.544128
0.564576
0.681393
0.69001
0.717482
0.848823
0.916586
1.09466
1.15662
1.42955
1.46324
3.27984
4.7695
5.77223
---------------------------------------------------


PDGFRA:
5.11541
6.21112
6.24666
7.83414
8.32543
8.75985
9.16143
9.37714
9.68829
9.72246
9.78669
10.4886
10.8641
10.9551
12.8832
13.4972
---------------------------------------------------


PI3:
0.0311747
0.0651452
0.078363
0.106385
0.145272
0.158285
0.165913
0.179865
0.207214
0.216608
0.281934
0.305389
0.596735
0.646986
1.53433
4.27095
---------------------------------------------------


TGFBR2:
2.02479
2.2219
2.25052
2.37842
2.73117
3.13576
3.25237
3.35398
3.41498
3.51601
3.83642
4.50079
4.58034
4.94809
6.13042
9.05446
---------------------------------------------------


TNFAIP3:
0.24051
0.248358
0.269809
0.318641
0.360022
0.397001
0.41581
0.449156
0.450253
0.51024
0.695801
0.729388
0.768117
0.789185
0.796141
2.00734
---------------------------------------------------


PROM1:
1.09086
2.42932
2.56269
2.80601
2.82237
2.92883
3.08452
3.33566
3.55501
3.59971
4.02832
4.39329
4.84291
5.2105
5.54075
6.28757
7.67718
---------------------------------------------------


CD44:
6.79426
7.549
8.05972
8.86681
9.28644
9.45049
9.63332
9.81204
10.0149
10.3265
10.5699
10.5842
13.9269
14.1281
16.4633
24.6984
24.8111
---------------------------------------------------


