OLIG2:
9.37526
14.3017
14.4768
19.968
25.3535
---------------------------------------------------


PDPN:
0.0
0.0
1.49158
27.8083
38.5555
39.8115
---------------------------------------------------


POSTN:
0.0
0.367823
0.433656
2.27623
35.6687
51.2537
---------------------------------------------------


MECOM:
0.86954
5.11163
---------------------------------------------------


EZH2:
0.541673
6.67355
7.07625
26.3367
82.2653
---------------------------------------------------


HIF1A:
4.24703
16.1151
41.6304
41.7909
42.3031
---------------------------------------------------


BIRC5:
0.0
0.508443
4.6902
5.40128
6.33964
---------------------------------------------------


ID1:
12.3555
18.9091
26.8096
28.2299
38.3
---------------------------------------------------


ID2:
0.137969
8.83757
11.5913
20.1986
31.7557
33.5129
---------------------------------------------------


IGFBP2:
9.3156
14.325
32.3882
87.3226
119.961
---------------------------------------------------


ITGA6:
0.18891
2.27125
4.10217
5.39948
12.9364
---------------------------------------------------


DANCR:
1.03587
6.21884
8.76081
12.887
14.5397
17.4549
---------------------------------------------------


MET:
0.0
0.58129
4.45706
8.50108
11.0012
19.5106
---------------------------------------------------


MYC:
3.69345
5.013
21.4699
25.4017
45.2946
140.189
---------------------------------------------------


NOS2:
0.0
1.50054
3.96462
6.2457
37.2426
58.2269
---------------------------------------------------


PDGFRA:
2.7476
2.98843
4.10509
5.31277
5.37513
15.9635
---------------------------------------------------


PI3:
0.0
0.757567
2.06754
2.90186
28.1467
45.7215
---------------------------------------------------


TGFBR2:
1.00592
1.07711
13.7932
20.2048
73.404
---------------------------------------------------


TNFAIP3:
0.0
4.13572
14.6706
15.5885
53.0786
---------------------------------------------------


PROM1:
0.610041
1.58029
3.4564
6.14489
14.755
---------------------------------------------------


CD44:
10.8088
33.0186
58.8253
102.148
160.773
---------------------------------------------------


