OLIG2:
1.83402
3.1258
3.84243
4.63069
5.01581
9.27231
9.96944
13.2095
13.4489
28.0891
---------------------------------------------------


PDPN:
0.0
10.8642
13.1434
14.2664
22.768
24.116
26.5384
34.783
35.2287
---------------------------------------------------


POSTN:
6.93835
8.96744
14.4439
18.7191
23.1134
35.5644
40.1355
40.9117
44.9974
49.5193
---------------------------------------------------


EZH2:
0.0
0.0
0.392757
2.55786
4.07533
4.32816
6.88402
8.18535
12.5878
14.1257
16.8598
---------------------------------------------------


HIF1A:
0.0
0.0
14.3936
15.9756
20.5787
27.7672
31.0617
34.3233
45.2573
46.7613
48.8356
---------------------------------------------------


BIRC5:
0.0
0.0
0.755253
0.781097
3.48976
3.71565
4.31695
4.55283
5.08625
9.18184
10.3815
---------------------------------------------------


ID1:
0.0
2.71946
2.78519
9.70737
12.3369
13.482
13.5784
13.9316
19.0161
28.0857
---------------------------------------------------


ID2:
0.0
7.6544
13.5306
16.2085
18.1107
21.2601
22.7312
22.9295
31.393
---------------------------------------------------


IGFBP2:
8.89245
10.7666
27.31
32.5213
43.3175
43.5974
47.5155
49.7092
60.3061
---------------------------------------------------


ITGA6:
1.58176
1.62476
1.76347
2.34532
2.48022
2.69389
2.97373
3.03702
3.42247
4.45989
22.5415
---------------------------------------------------


DANCR:
1.40277
2.3337
4.20141
5.78173
5.83368
6.75042
10.0413
10.6
11.3084
26.7308
---------------------------------------------------


MET:
0.0
0.15153
0.161542
1.46053
2.85918
3.01312
3.32022
4.57435
5.40308
5.83771
6.10463
---------------------------------------------------


MYC:
2.48071
15.4559
19.9209
20.2116
25.8904
28.9404
33.3779
36.3114
41.5285
42.4149
---------------------------------------------------


NOS2:
0.0
0.135259
0.178846
3.06752
3.62096
4.51063
5.02365
6.56771
6.93
9.43223
---------------------------------------------------


PDGFRA:
0.0
2.12318
4.95154
5.19301
6.66286
8.454
10.2432
11.0991
12.785
16.6461
20.383
---------------------------------------------------


PI3:
0.0522353
0.662235
3.71774
4.34579
6.0761
6.52226
8.26076
9.30565
10.5716
12.2621
---------------------------------------------------


TGFBR2:
9.15164
10.5038
11.7209
16.7979
16.9765
18.0008
18.6272
21.3116
24.8725
26.6527
34.3706
---------------------------------------------------


TNFAIP3:
0.0
0.0
1.45521
1.93943
6.62534
7.67479
8.32485
11.5788
15.5688
17.7844
21.8948
---------------------------------------------------


PROM1:
0.871987
1.00737
2.31641
2.43658
2.97691
3.45482
3.60956
4.67602
6.73097
8.14096
9.8801
---------------------------------------------------


CD44:
23.1533
27.382
27.9573
39.3036
40.7087
42.8055
48.757
49.7005
61.4774
---------------------------------------------------


