OLIG2:
3.77866
6.74485
8.37222
9.35299
9.47343
10.0282
11.2067
12.5531
13.7431
17.4166
21.6357
25.8728
32.3968
33.1199
---------------------------------------------------


PDPN:
0.0206754
0.0288766
0.0416506
0.0464124
0.0483037
0.0866442
0.128246
0.128633
0.210159
0.22034
44.6901
44.745
56.8411
107.07
---------------------------------------------------


POSTN:
0.0335483
0.231688
0.274896
0.369288
0.715917
0.768438
0.971951
0.982627
1.42781
1.74918
2.15795
3.65903
5.76687
11.3438
---------------------------------------------------


EZH2:
0.36563
0.795762
0.993425
1.13946
2.24075
2.4464
2.72163
3.02536
4.23491
6.45608
9.39206
17.1961
23.2645
51.6992
---------------------------------------------------


HIF1A:
1.83387
1.88845
2.13461
2.16668
2.54544
4.06672
4.20653
4.66389
5.16813
9.94567
33.6552
47.7525
65.179
77.9602
---------------------------------------------------


BIRC5:
0.0738328
0.0797499
0.0994604
0.105268
0.113817
0.184481
0.285074
0.419741
0.493335
0.613047
1.10711
2.59768
5.27935
7.99807
---------------------------------------------------


ID1:
2.15625
2.55628
3.26116
3.2962
3.33836
3.82995
5.09179
6.92938
7.03816
13.3684
17.7669
35.5852
50.8737
60.9724
---------------------------------------------------


ID2:
3.64763
4.82481
5.78124
6.336
8.74734
9.53681
11.286
11.4145
11.5993
20.1852
32.1839
41.3047
70.6457
103.663
---------------------------------------------------


IGFBP2:
0.408225
1.8278
2.30205
2.47763
2.6487
2.83897
4.70046
6.33744
12.6425
12.7843
27.9896
33.0292
90.1609
106.214
---------------------------------------------------


ITGA6:
0.62881
0.917362
0.921032
1.12457
1.5267
1.77158
1.7949
2.07691
2.52768
4.17974
8.52226
11.3923
14.8072
24.9667
---------------------------------------------------


DANCR:
0.628255
1.84161
2.43592
2.50462
3.65624
4.31311
4.7607
5.47946
7.21241
8.18719
10.8622
11.8901
22.9809
31.9145
---------------------------------------------------


MET:
0.043996
0.0488004
0.0506936
0.060134
0.101774
0.118344
0.129516
0.192431
0.242897
0.626273
3.91483
7.51629
21.2393
34.9291
---------------------------------------------------


MYC:
1.706
2.57183
5.15803
7.06151
7.70068
10.2432
10.8948
12.672
16.4924
17.5937
22.67
23.7954
24.3847
128.361
---------------------------------------------------


NOS2:
0.974109
1.30703
1.73128
3.08888
3.29135
3.48469
3.4978
3.86939
4.42486
4.47276
4.9114
6.20459
38.9762
73.6848
---------------------------------------------------


PDGFRA:
1.05664
1.23171
1.68472
1.98368
3.01637
3.37365
3.38745
3.40154
3.85592
5.17632
5.82063
6.4424
9.32317
9.40861
---------------------------------------------------


PI3:
0.166458
0.258423
0.348165
0.409603
0.437848
0.453924
0.472259
0.59444
0.771288
0.975852
1.16524
1.94338
71.3756
90.9001
---------------------------------------------------


TGFBR2:
0.47322
0.493961
0.689077
0.828168
0.971005
0.999105
1.44672
1.59278
4.37531
18.8159
21.7153
38.1193
45.519
---------------------------------------------------


TNFAIP3:
0.0511872
0.0765968
0.0801001
0.14577
0.188552
0.193306
0.229084
0.32523
0.579966
0.870105
4.95237
12.5723
14.1007
25.0842
63.3769
---------------------------------------------------


PROM1:
0.490673
0.541597
1.04995
1.12411
1.15198
1.18564
1.18944
1.48952
1.56732
1.72623
2.64856
3.68866
5.33698
31.1526
---------------------------------------------------


CD44:
1.74411
2.00049
2.05584
2.06996
2.25435
3.15655
4.46082
6.37101
15.3635
21.2307
67.6622
70.8304
141.645
153.248
---------------------------------------------------


