OLIG2:
2.29892
2.49141
5.44078
5.92971
5.93467
5.95791
6.30232
6.55801
8.39173
8.60125
12.1262
14.4367
---------------------------------------------------


PDPN:
2.45557
3.02039
3.91083
4.10695
7.64476
7.66359
8.03687
8.29592
10.7304
13.3974
14.2454
16.0543
---------------------------------------------------


POSTN:
0.249629
0.492319
0.570755
0.573976
2.40916
2.66794
2.81786
3.2035
4.33971
4.61357
4.93934
8.08911
8.25573
---------------------------------------------------


MECOM:
0.0882279
0.13103
0.188795
0.269097
0.407768
0.581125
0.656879
0.911187
1.02263
1.08649
1.41774
---------------------------------------------------


EZH2:
1.41406
1.85191
2.67533
3.54122
3.56408
3.89926
6.0775
7.49185
7.56993
8.0715
12.7078
13.2872
---------------------------------------------------


HIF1A:
2.42739
3.92479
4.50603
5.04117
7.23526
7.34373
8.08063
8.29422
8.6134
9.71788
10.1557
13.7971
---------------------------------------------------


BIRC5:
0.727045
0.992047
1.60469
1.82192
2.45013
3.32337
4.79672
5.45626
5.51853
5.92187
7.20718
9.24297
---------------------------------------------------


ID1:
2.25782
3.35259
3.57529
5.31368
7.06701
7.22793
10.194
10.2249
10.7019
11.2521
12.7516
13.658
---------------------------------------------------


ID2:
2.47049
5.11519
5.23882
5.43794
5.84549
7.46396
7.86651
8.01332
9.27283
9.85216
9.88835
10.6741
15.5362
---------------------------------------------------


IGFBP2:
2.7735
4.72946
5.6412
6.34958
7.09223
7.20709
7.29306
9.55999
9.76046
10.4041
10.8159
14.8432
---------------------------------------------------


ITGA6:
0.355041
0.427342
0.571668
0.737437
1.04768
1.71517
2.3477
2.35594
2.79984
2.90711
3.23871
4.21509
---------------------------------------------------


DANCR:
3.80363
5.86579
7.88755
10.4084
10.7848
11.9265
12.7495
12.9028
13.1862
13.1932
13.4188
16.7338
---------------------------------------------------


MET:
0.17835
0.428429
0.757822
1.08346
4.20971
4.98987
6.59177
9.30412
10.3165
11.0768
12.3803
14.4013
15.5284
21.0937
---------------------------------------------------


MYC:
0.78925
1.69256
3.09348
3.50516
3.76094
4.01507
4.43495
5.51033
5.61569
7.01614
8.631
11.7553
---------------------------------------------------


NOS2:
2.72139
6.64248
6.83236
6.96572
8.61835
8.63882
9.5696
9.63631
9.78035
10.9729
12.7416
14.5392
16.4912
---------------------------------------------------


PDGFRA:
2.10322
5.41456
9.17538
9.8005
10.6759
11.6901
12.2324
12.2972
13.0794
13.0858
14.037
15.5671
---------------------------------------------------


PI3:
0.0149567
0.0388106
0.137529
0.142301
0.197203
0.201042
1.20893
2.70135
3.38312
3.45377
5.20633
7.09298
---------------------------------------------------


TGFBR2:
0.47316
0.799176
1.11765
1.20195
1.7502
2.30203
2.88446
3.37174
3.37239
3.84219
5.08114
11.0822
12.4466
---------------------------------------------------


TNFAIP3:
0.180498
0.191698
0.192861
0.232862
0.289697
0.495276
0.507607
0.545418
0.602782
0.795894
1.40981
1.71251
---------------------------------------------------


PROM1:
0.0382431
0.0623353
0.228563
0.231872
0.249405
0.458685
0.520405
1.11904
1.36144
2.09061
2.35381
4.046
---------------------------------------------------


CD44:
4.83883
5.19817
5.46735
6.3544
7.12326
7.34101
7.41882
10.3933
11.4809
12.2364
12.6511
21.1589
---------------------------------------------------


