OLIG2:
12.0326
14.4602
22.4147
22.6066
25.8116
29.1377
29.4879
35.618
46.5557
59.8471
---------------------------------------------------


PDPN:
1.21883
1.57981
2.08405
3.47759
3.92223
4.12272
4.56433
4.87922
5.89371
21.0737
---------------------------------------------------


POSTN:
1.00316
1.99752
2.09145
4.06839
4.80011
6.83035
7.70673
8.35648
10.7684
13.7166
---------------------------------------------------


EZH2:
2.3287
2.9577
5.30872
5.77809
9.88126
10.291
11.045
11.14
13.6248
20.8908
---------------------------------------------------


HIF1A:
7.92449
9.76187
10.9967
11.7974
12.8221
14.1675
14.442
18.3273
19.2884
22.2135
---------------------------------------------------


BIRC5:
0.854363
1.24341
1.37488
1.54614
1.57336
1.69435
2.06465
2.1153
2.31652
3.1139
---------------------------------------------------


ID1:
5.73377
7.36934
13.2057
13.6331
15.3379
19.4803
28.0247
29.0358
30.674
48.7719
---------------------------------------------------


ID2:
6.35102
6.53011
9.31334
9.45093
11.2889
21.5617
22.2603
27.9823
29.4161
33.9527
---------------------------------------------------


IGFBP2:
4.15791
6.6944
16.2756
20.0835
20.985
29.9612
38.4213
42.2042
58.6191
112.637
---------------------------------------------------


ITGA6:
1.19645
1.33882
2.01363
2.60916
3.06567
3.91232
4.22483
5.04908
5.29829
7.66411
---------------------------------------------------


DANCR:
2.16472
3.10435
4.80459
5.04853
6.54811
6.90097
7.74989
7.8071
9.20866
9.55972
---------------------------------------------------


MET:
0.114604
0.156877
0.272029
0.289362
0.339164
0.363975
0.546504
0.558371
1.36667
1.49055
---------------------------------------------------


MYC:
5.18031
8.53343
10.032
12.8698
14.908
15.8245
16.4471
16.5521
24.9594
35.1827
---------------------------------------------------


NOS2:
3.63327
6.57909
7.03187
8.14538
10.739
12.8707
16.0058
16.3079
22.7552
23.3167
---------------------------------------------------


PDGFRA:
11.6126
12.4406
13.8381
19.8121
28.373
29.3725
34.9504
45.4128
53.4799
89.0026
---------------------------------------------------


PI3:
0.104437
0.105457
1.1883
1.25985
1.33317
1.41203
2.85043
2.86853
3.07955
3.28679
---------------------------------------------------


TGFBR2:
1.48185
1.7835
4.03429
5.16188
5.30269
5.71757
6.12242
6.77054
8.44308
9.83387
---------------------------------------------------


TNFAIP3:
0.308488
0.701843
0.715524
0.815582
0.90951
0.971348
1.41097
4.31917
5.24035
9.55891
---------------------------------------------------


PROM1:
0.920028
1.46135
1.5929
1.61292
1.67297
2.03092
4.25308
4.31338
4.82229
6.58121
---------------------------------------------------


CD44:
12.5029
13.6185
17.0225
17.8368
18.4153
22.1117
23.1158
28.1179
28.3756
31.29
---------------------------------------------------


