OLIG2:
7.32626
10.1558
10.6779
11.8424
15.6029
17.8359
20.974
22.0402
23.7024
25.7479
26.1816
30.4346
33.4847
37.3922
---------------------------------------------------


PDPN:
8.08908
8.16462
8.41891
9.87783
14.3629
19.2555
20.2448
20.3151
20.8235
27.9575
31.0154
31.5729
34.9135
39.2323
---------------------------------------------------


POSTN:
4.24483
6.12937
7.19637
12.1998
14.4997
17.2537
23.222
23.528
27.4041
27.4436
28.7038
28.7507
34.3324
34.6802
---------------------------------------------------


EZH2:
4.16185
7.5239
7.78734
7.88867
11.7876
12.2922
16.1039
16.5483
16.9769
20.1366
20.828
22.5931
24.2953
24.9091
---------------------------------------------------


HIF1A:
22.7943
25.3392
26.8464
29.6978
29.8712
30.3941
33.6976
33.7582
38.0424
38.3285
49.2627
50.2794
54.6164
57.0311
---------------------------------------------------


BIRC5:
0.130472
0.321773
0.419988
0.481865
0.593346
0.671908
0.889535
0.961559
1.17372
1.19383
1.33626
1.79263
1.79434
2.20623
---------------------------------------------------


ID1:
6.7667
7.14666
8.46806
9.14306
9.14551
12.1518
15.0405
15.9199
17.3359
19.2588
20.921
21.7417
24.0382
30.734
---------------------------------------------------


ID2:
12.7553
13.8877
14.3331
14.9709
15.8598
19.0758
21.7834
23.6717
25.1358
26.0645
26.7254
31.4625
32.8264
39.337
---------------------------------------------------


IGFBP2:
26.5452
28.6642
30.4455
32.6141
34.4086
37.9054
40.3023
42.7443
44.139
44.6911
51.049
55.2275
64.0173
71.5753
---------------------------------------------------


ITGA6:
3.57967
4.5508
4.60137
5.25187
6.10102
6.25834
6.41624
6.54905
6.59772
6.73083
6.76081
6.84183
9.02927
13.9029
---------------------------------------------------


DANCR:
4.91464
5.12933
5.58933
7.19925
8.57755
9.76458
10.5939
12.2671
12.7526
12.8178
15.5814
17.2932
17.5545
25.151
---------------------------------------------------


MET:
0.822225
0.863975
0.997356
1.52585
1.73936
1.97051
1.99915
2.072
2.37132
2.66692
5.51694
7.07276
7.94288
10.3182
---------------------------------------------------


MYC:
19.5229
20.0131
22.202
24.7246
25.4708
30.4277
30.5185
31.3577
32.6864
33.2
36.9466
37.6346
42.4879
47.5441
---------------------------------------------------


NOS2:
3.91338
6.09533
7.11333
8.21119
9.3725
9.74499
10.8961
11.054
13.5321
14.0729
14.8689
19.9541
21.8579
23.8014
---------------------------------------------------


PDGFRA:
6.66496
9.68796
9.85021
16.4153
16.5901
19.4267
20.6444
21.9801
23.1405
23.4522
26.9464
29.6231
32.4036
37.7938
---------------------------------------------------


PI3:
0.937063
1.25525
1.35457
1.57497
2.24004
2.65084
3.82355
4.02513
5.48991
6.49689
6.52538
8.61193
10.1004
11.8606
---------------------------------------------------


TGFBR2:
6.63254
6.98353
10.7265
10.9542
11.6296
11.6761
13.5093
17.9207
18.6687
23.8814
24.0952
25.0435
25.1146
32.656
---------------------------------------------------


TNFAIP3:
2.39851
2.50118
2.85225
3.49799
3.73916
4.51388
4.86102
5.56478
5.78701
6.30154
6.65063
7.50328
8.67683
12.6677
---------------------------------------------------


PROM1:
0.664823
0.996915
1.0876
1.0949
1.27749
1.4685
1.498
1.62475
2.73717
3.10738
3.66684
5.68105
5.97305
8.26809
---------------------------------------------------


CD44:
30.8669
36.543
38.1138
39.5495
40.9619
42.8593
42.9008
43.9696
48.5784
48.6727
51.0913
52.0288
53.1215
75.2538
---------------------------------------------------


