OLIG2:
0.151119
0.500257
4.06179
4.5127
4.74926
5.38924
7.33952
7.43006
9.20108
12.823
13.0107
18.5739
20.338
35.5447
36.9376
49.7353
---------------------------------------------------


PDPN:
3.08274
3.62141
6.9807
7.19791
7.27499
10.175
10.8388
11.0803
12.3358
13.5624
15.0043
18.3754
18.7066
19.0521
19.1914
27.9016
---------------------------------------------------


POSTN:
0.986986
1.09618
1.13996
1.23017
1.35616
1.78701
2.68678
3.34203
3.66063
4.34691
5.77467
10.1607
10.9455
12.3426
12.5026
13.3502
---------------------------------------------------


MECOM:
0.975266
1.11968
1.98397
2.89433
3.61856
5.45571
5.61628
6.62404
7.22873
---------------------------------------------------


EZH2:
3.76456
3.99776
12.8813
13.6782
13.7713
15.7225
17.1498
17.5989
17.7708
17.7973
17.8892
22.3674
30.5877
35.4142
38.5031
45.2006
---------------------------------------------------


HIF1A:
13.3811
22.9254
24.1269
24.7403
25.3473
26.643
29.2127
31.36
34.1995
37.7744
40.56
42.452
46.8686
58.1606
84.6844
90.4133
---------------------------------------------------


BIRC5:
0.819513
1.09272
1.40308
1.43767
1.45838
1.57931
1.70945
2.53129
2.66876
4.44519
4.92799
5.74582
6.83248
9.21045
9.36879
11.4107
---------------------------------------------------


ID1:
4.91721
6.47367
6.75039
9.49175
10.0708
10.2188
10.4064
12.7792
12.8887
13.3626
15.7644
17.5878
21.4428
21.9745
28.3112
43.1613
---------------------------------------------------


ID2:
12.178
13.1474
14.5487
21.5844
22.1046
22.1332
24.7249
25.3151
31.7282
33.2534
37.4644
39.4148
42.9526
46.8991
48.4382
53.6254
---------------------------------------------------


IGFBP2:
18.6365
20.3706
23.8994
25.7645
31.9044
34.6543
36.25
43.5657
44.9527
59.3946
66.7602
67.8524
78.927
81.0931
85.6167
86.694
---------------------------------------------------


ITGA6:
1.22089
2.28841
2.34493
2.53154
2.74583
2.92157
3.37869
3.53813
3.88176
4.44787
6.61247
7.52662
8.60151
8.83977
13.2668
13.8621
---------------------------------------------------


DANCR:
1.89778
2.09671
2.17662
2.26339
3.03748
3.42576
3.89636
4.02468
4.14928
5.77402
8.90724
9.09487
10.3866
11.7219
12.7537
17.9288
---------------------------------------------------


MET:
0.0684144
0.107649
0.232773
0.233946
0.311254
0.359364
0.370967
0.383652
0.405414
0.487628
0.65108
0.875693
0.996938
1.07288
3.80351
6.9599
---------------------------------------------------


MYC:
9.58056
13.975
16.2182
17.5929
18.4056
22.2363
25.727
25.9144
31.2219
32.3262
35.1675
36.1282
38.9147
53.1252
56.534
56.5548
---------------------------------------------------


NOS2:
0.511903
2.20289
2.69169
3.55907
3.62053
5.27066
5.29138
5.56469
8.01302
8.97508
11.7561
13.035
21.2096
26.6353
32.3213
34.3481
---------------------------------------------------


PDGFRA:
0.620361
4.29445
7.6199
8.49193
10.1859
11.9847
13.0223
15.138
15.2638
17.1933
18.0377
28.9328
29.0626
30.348
31.1177
39.7106
---------------------------------------------------


PI3:
0.50871
0.560288
0.707683
0.798014
1.31076
1.60941
1.8729
2.56045
2.61341
3.32609
4.20423
4.21296
5.99292
9.8209
23.1494
24.5044
---------------------------------------------------


TGFBR2:
4.18543
4.909
5.54386
6.22185
6.54199
7.3604
8.40438
8.98066
17.5485
18.9915
20.4465
22.7807
23.2049
23.8021
24.0238
28.8284
---------------------------------------------------


TNFAIP3:
1.49659
1.92193
1.9714
2.41558
2.77103
3.35135
3.4864
4.92543
5.11823
5.7482
6.98435
7.45326
7.81149
10.0004
11.4993
16.3846
---------------------------------------------------


PROM1:
0.113265
0.400703
0.466347
0.529013
0.844286
0.866221
0.910594
1.18964
1.54605
2.5286
2.8447
3.18085
3.19471
4.66054
5.19874
6.46087
---------------------------------------------------


CD44:
13.6666
13.7139
18.8649
21.4539
21.6979
22.9922
28.0298
30.9732
39.1679
39.7544
41.424
45.8411
47.1828
54.1169
55.3459
70.9418
---------------------------------------------------


