OLIG2:
0.167551
0.239455
0.922695
1.72612
2.25531
2.49116
2.59761
2.66842
2.74364
4.06429
4.83602
4.92977
6.83356
7.47299
8.27903
---------------------------------------------------


PDPN:
2.11551
4.18233
5.17041
7.37185
9.18991
12.184
14.8374
16.9729
18.7245
21.1333
21.6337
25.5853
26.0171
26.792
43.5765
44.173
---------------------------------------------------


POSTN:
0.0
0.0
0.154791
0.278709
0.402635
0.88523
1.51044
1.5917
1.69277
2.46702
3.36146
9.5984
15.6236
22.0956
---------------------------------------------------


MECOM:
0.0
0.00670919
0.0291609
0.055676
0.0892389
0.105879
0.125817
0.264135
0.301428
0.758711
6.63125
---------------------------------------------------


EZH2:
0.145569
0.391398
0.884611
1.27797
3.18362
3.52799
4.15819
4.17379
4.27893
7.77421
8.08406
11.9768
14.5537
15.6602
18.3385
---------------------------------------------------


HIF1A:
1.31361
1.47408
3.24633
3.39915
5.16305
5.66956
7.49632
8.76945
10.0381
10.2381
10.9085
12.1795
14.7683
19.66
20.4044
28.254
34.0986
---------------------------------------------------


BIRC5:
0.0
0.0
0.0359757
0.0673426
0.13434
0.139733
0.180079
0.237461
0.287047
0.676509
0.891694
1.17261
1.22203
2.56589
---------------------------------------------------


ID1:
0.0
0.0131369
0.0345086
0.338152
0.504458
0.800193
0.870528
2.27331
3.29653
4.21035
8.13936
8.86509
9.65129
10.3841
10.6383
---------------------------------------------------


ID2:
0.541934
1.47927
3.79184
5.54771
5.56695
6.07453
7.37842
9.83861
16.5214
16.9422
17.9753
18.6427
22.7726
23.5518
24.3354
---------------------------------------------------


IGFBP2:
0.0443047
9.115
12.3766
24.1609
29.4482
33.9762
35.847
36.3179
37.2049
38.133
38.6604
39.3105
50.3984
52.0885
60.8476
---------------------------------------------------


ITGA6:
0.0
0.0
0.0955043
0.284739
0.315723
0.38171
0.400945
0.582469
0.939624
1.42052
1.56675
1.57112
1.9277
2.4981
3.38678
4.23627
---------------------------------------------------


DANCR:
0.0
0.161363
0.634649
1.0699
1.65011
2.06005
3.60592
3.80409
4.22873
7.36151
10.9028
---------------------------------------------------


MET:
0.016021
0.0348467
0.0522575
0.0577948
0.0635712
0.0711029
0.114061
0.130541
0.235163
0.236307
0.244904
0.394092
0.679604
0.701476
2.66923
2.92306
---------------------------------------------------


MYC:
0.945213
3.617
5.84911
6.63044
8.6753
9.64002
9.96516
10.096
10.6605
10.7411
11.6834
15.7208
17.8943
18.2093
19.2666
26.7632
29.0203
---------------------------------------------------


NOS2:
0.282841
0.363859
0.488138
0.565157
0.71753
1.00897
2.46956
2.66596
3.23108
5.11021
10.5901
---------------------------------------------------


PDGFRA:
0.0
0.208593
0.431265
0.870352
1.78759
2.11756
2.26862
2.36559
2.74407
4.1297
5.79956
6.81719
12.0852
---------------------------------------------------


PI3:
0.0475474
0.0614429
0.124644
0.294026
0.39515
0.485274
0.583858
0.598698
0.842336
0.895267
1.04754
1.52775
1.69725
3.68432
---------------------------------------------------


TGFBR2:
0.0
0.0
0.276743
0.447006
0.616785
1.22343
1.34601
1.53996
2.3914
2.76323
4.10564
4.51303
5.57741
9.82252
12.5789
---------------------------------------------------


TNFAIP3:
0.0
0.0609352
0.118562
0.193768
0.348591
0.75426
0.828185
0.858943
0.859179
1.17726
1.44535
3.96519
4.91982
7.84439
---------------------------------------------------


PROM1:
0.0
0.191025
0.205099
0.243631
0.849118
0.916974
0.99423
1.53649
2.02137
2.47516
2.71241
3.04687
3.48109
4.13461
6.71889
---------------------------------------------------


CD44:
0.176219
4.59037
5.53781
6.40813
9.87437
10.1485
11.0673
11.9049
18.3063
18.5608
20.2289
20.9938
21.1195
21.5279
43.1615
---------------------------------------------------


