OLIG2:
14.4664
17.6595
18.1208
20.7988
25.4312
27.9528
34.1829
42.4527
48.3029
58.0196
---------------------------------------------------


PDPN:
7.78803
8.1633
14.7338
21.3087
25.1396
27.56
28.6036
29.1504
30.1384
40.3152
---------------------------------------------------


POSTN:
18.3719
22.8178
23.6642
24.8082
26.0634
27.322
32.0006
39.5287
44.5683
79.9357
---------------------------------------------------


EZH2:
9.57475
13.0518
14.5544
19.3998
21.3459
21.6594
22.6464
24.9207
33.9935
41.5567
---------------------------------------------------


HIF1A:
13.6326
13.7459
19.5216
25.9838
29.2414
30.176
34.6506
35.4124
39.5453
42.7934
---------------------------------------------------


BIRC5:
0.373156
0.571993
0.763495
2.60562
2.78333
4.02747
4.61327
6.92522
7.1044
16.8466
---------------------------------------------------


ID1:
28.7182
34.2038
37.3721
40.4598
41.4138
46.143
50.6312
52.9076
53.5553
57.0173
---------------------------------------------------


ID2:
18.8042
22.2069
30.5969
31.2567
42.4271
43.6851
45.8519
53.5023
58.744
60.4824
---------------------------------------------------


IGFBP2:
27.54
44.291
44.9116
46.2798
52.3953
55.382
58.653
62.5418
69.8918
80.9539
---------------------------------------------------


ITGA6:
3.42144
4.41239
4.98646
6.21803
8.37272
10.2365
10.4541
15.3562
16.4496
21.1998
---------------------------------------------------


DANCR:
4.67282
7.6618
7.78515
8.91541
9.00592
13.246
13.7495
14.5391
21.929
23.5459
---------------------------------------------------


MET:
0.703638
0.873038
1.01509
1.09061
1.36146
1.38021
2.73724
6.40698
12.3493
17.3051
---------------------------------------------------


MYC:
6.93747
7.29086
12.5712
12.7627
18.5058
31.6745
32.9483
33.938
42.4708
48.0102
---------------------------------------------------


NOS2:
3.82966
7.78618
12.2458
14.0894
14.8986
16.4456
18.6785
23.4796
25.5877
29.0795
---------------------------------------------------


PDGFRA:
10.6573
13.599
13.8483
13.9089
15.0687
16.8112
20.3669
25.6808
34.1236
62.7391
---------------------------------------------------


PI3:
1.61328
4.16266
6.37318
7.61031
10.9186
10.9418
17.2969
17.611
28.4482
29.9675
---------------------------------------------------


TGFBR2:
2.31323
2.98482
13.1224
14.2126
21.5979
22.9162
25.3755
26.2934
36.732
44.1118
---------------------------------------------------


TNFAIP3:
0.106081
1.35033
2.08132
2.56888
3.9151
5.4232
7.58547
8.33999
8.36827
8.89032
---------------------------------------------------


PROM1:
4.97758
5.15262
7.37834
7.70181
7.70881
8.11936
16.2378
18.6017
20.0517
21.4681
---------------------------------------------------


CD44:
18.3357
18.7953
29.0913
31.5509
38.3352
41.9535
47.001
47.0879
48.3223
56.615
---------------------------------------------------


