OLIG2:
0.214831
0.41246
1.36801
8.97127
9.53165
9.68635
10.7027
11.0995
11.8544
12.1757
13.304
23.0372
23.6958
32.8374
47.5047
51.6828
---------------------------------------------------


PDPN:
2.9106
3.94819
4.60412
6.6614
8.82149
11.0069
11.608
12.4913
12.8548
14.3475
17.1704
17.8299
20.3489
21.9566
23.3286
38.618
---------------------------------------------------


POSTN:
0.095191
0.460641
0.656672
0.981111
0.993441
1.04654
1.15095
1.20354
1.28247
1.57499
1.64372
2.05279
2.62536
3.45129
10.6612
11.9656
---------------------------------------------------


MECOM:
0.545444
0.935547
1.18143
1.3469
1.72712
2.19766
2.65554
2.69669
2.91941
3.02202
3.13948
3.22153
4.52064
---------------------------------------------------


EZH2:
5.34771
5.43535
12.4202
13.3991
14.2384
15.6881
15.953
17.8976
20.4644
21.2627
26.6051
27.0486
28.51
30.3315
45.3476
57.9507
---------------------------------------------------


HIF1A:
13.0801
13.8437
19.7378
20.3788
21.4411
25.8168
28.6067
35.0886
35.8864
38.2901
38.695
39.6399
42.5507
53.2701
65.6745
68.5173
86.1396
---------------------------------------------------


BIRC5:
0.970774
1.10744
1.29388
1.3307
1.3657
1.39728
1.80262
1.90811
1.99292
2.69862
2.81174
4.34433
4.90237
5.24465
12.897
16.9831
---------------------------------------------------


ID1:
2.73169
3.23588
4.91079
6.5975
6.73074
6.90989
7.17009
15.9797
18.7532
20.4123
21.9585
22.7496
23.7158
25.675
27.5861
31.4089
46.0824
---------------------------------------------------


ID2:
12.339
15.5599
15.8
19.3623
22.1327
24.7254
31.2859
32.0083
32.3457
40.341
44.9983
48.4807
48.7087
52.6059
57.3959
66.6116
---------------------------------------------------


IGFBP2:
16.0367
17.0467
21.8293
24.5869
27.166
34.1852
40.1195
41.6678
47.5357
47.589
48.6612
49.0939
49.3378
66.06
70.4101
77.0008
---------------------------------------------------


ITGA6:
1.39511
2.08806
2.11273
2.30644
3.02888
3.11394
3.13526
3.48136
3.77706
4.11542
4.19443
4.70918
4.90231
8.20806
9.53786
10.5153
---------------------------------------------------


DANCR:
1.02058
1.54688
1.92278
2.00376
2.25196
2.5101
3.307
3.56282
4.29227
5.01918
5.32681
6.11665
7.89896
8.72032
15.9361
16.4685
---------------------------------------------------


MET:
0.0409809
0.041837
0.130517
0.200759
0.263572
0.278181
0.305512
0.33788
0.354723
0.370359
0.372379
0.377669
0.435278
1.29918
4.17187
5.3163
---------------------------------------------------


MYC:
7.94369
9.59712
10.5757
14.9477
15.0239
20.6816
20.9397
27.3215
27.8173
36.0614
37.8599
46.1802
48.9328
52.4882
53.4886
68.903
---------------------------------------------------


NOS2:
0.25452
1.28968
1.6896
1.74285
1.99627
3.16756
5.08794
6.86897
6.92577
8.59772
9.84527
9.95322
13.1507
13.2737
29.6459
44.0706
---------------------------------------------------


PDGFRA:
0.772015
1.99967
8.47515
8.56683
10.9116
11.7575
12.6324
20.0056
20.0677
20.5221
20.8992
26.3669
28.9331
36.547
39.6656
42.5578
---------------------------------------------------


PI3:
0.163936
0.252182
0.381534
0.423721
0.945031
1.00305
1.09884
1.41668
1.41763
2.14881
3.21713
3.51183
5.8779
10.241
17.0217
37.127
---------------------------------------------------


TGFBR2:
4.3525
5.20502
5.66884
6.36754
6.64206
6.90569
7.1357
7.16521
7.36289
7.5022
7.7546
8.78257
15.2476
16.4206
27.8996
33.0607
---------------------------------------------------


TNFAIP3:
1.04448
1.49959
1.5373
1.67537
2.00331
2.35529
2.42254
2.44766
2.65458
2.70668
2.74236
2.92344
4.13087
6.42024
6.4552
16.8225
---------------------------------------------------


PROM1:
0.2039
0.260715
0.379489
0.475736
0.603585
0.702178
0.927267
1.04483
1.07858
1.13816
1.51606
2.32415
2.5079
3.05672
4.75136
6.34986
---------------------------------------------------


CD44:
11.3326
12.1319
14.1525
18.8096
20.5114
26.2973
33.7208
42.0199
43.6804
44.6735
45.0598
49.0311
57.0451
71.8666
73.8056
77.3729
---------------------------------------------------


