OLIG2:
17.074
26.0257
29.2573
30.815
35.3634
42.3486
43.014
67.4904
85.6106
100.721
---------------------------------------------------


PDPN:
0.0769601
15.1245
19.0587
20.2757
21.9847
22.1541
24.1735
26.9743
33.4458
48.5412
---------------------------------------------------


POSTN:
2.77554
4.00362
4.52419
5.75702
6.77057
10.5992
24.7846
28.789
30.8012
---------------------------------------------------


MECOM:
0.0199949
0.0245456
0.0246405
0.0277126
0.0385523
0.0421129
0.0431993
0.0467388
0.0467846
0.0468747
0.0641911
0.0714036
0.826014
1.20947
1.46554
1.58892
2.54651
3.15047
3.26892
3.64654
---------------------------------------------------


EZH2:
11.9775
15.5841
21.5629
23.0154
23.2861
33.37
50.2991
59.3469
78.0218
---------------------------------------------------


HIF1A:
21.33
24.502
27.5149
40.2671
40.7418
41.0877
49.8445
72.904
83.904
98.3581
---------------------------------------------------


BIRC5:
5.76534
7.62129
7.8729
9.28057
10.2241
11.5432
14.7903
17.7346
21.0889
---------------------------------------------------


ID1:
20.2954
20.7147
24.0666
30.6453
32.3488
32.8416
51.9938
78.0009
84.3251
---------------------------------------------------


ID2:
23.7536
26.3798
37.0176
39.4273
44.6201
44.8157
67.2877
83.0265
90.829
---------------------------------------------------


IGFBP2:
29.1038
30.7262
34.6319
36.7678
37.5708
46.3547
48.7412
79.1464
99.9814
110.569
---------------------------------------------------


ITGA6:
8.62165
13.6128
16.1372
16.5628
20.5282
23.9839
26.319
32.6181
36.547
---------------------------------------------------


DANCR:
7.17525
12.695
14.8547
15.2822
20.7353
21.2847
26.6681
30.8563
38.2205
---------------------------------------------------


MET:
0.219492
0.262815
0.321068
0.902261
1.29546
1.68932
2.0438
2.34224
2.50215
3.08812
---------------------------------------------------


MYC:
1.81704
10.1707
12.5652
14.2654
16.1401
18.6254
21.7065
28.615
50.1031
59.5985
---------------------------------------------------


NOS2:
3.314
4.92611
6.74858
9.26586
12.5554
15.1021
19.7753
26.5001
60.8942
---------------------------------------------------


PDGFRA:
6.80782
13.9242
18.5969
20.1105
23.4743
32.856
38.6286
39.3218
80.7432
88.4149
---------------------------------------------------


PI3:
0.500452
1.73284
2.59142
7.54943
7.62647
8.33312
8.87601
11.2609
22.8186
---------------------------------------------------


TGFBR2:
0.0641483
5.03504
7.45306
9.69705
10.8206
11.7609
14.9034
18.1226
20.0306
20.2795
34.1566
---------------------------------------------------


TNFAIP3:
1.25673
1.47493
1.48745
2.7974
3.73481
3.77466
5.75585
8.6912
8.72983
---------------------------------------------------


PROM1:
1.44303
1.54804
2.36423
3.18429
3.42583
6.97868
7.71092
13.4596
34.9609
---------------------------------------------------


CD44:
9.83019
23.0471
28.9478
35.2423
36.1636
41.6552
50.2179
62.0415
93.8404
93.9817
---------------------------------------------------


