OLIG2:
2.59173
6.93599
7.85665
19.8659
21.8293
25.8531
30.2309
34.0951
40.3396
67.0365
70.594
---------------------------------------------------


PDPN:
0.0
0.0880526
0.268035
6.69829
9.10321
14.6571
14.7589
14.8607
18.2173
21.5753
26.3847
32.4714
---------------------------------------------------


POSTN:
6.54607
9.34702
14.054
15.099
17.1563
20.042
31.2964
36.6214
55.4629
---------------------------------------------------


MECOM:
0.0
0.0285467
0.0400703
0.0564264
0.0598683
0.061711
0.0618178
0.0684328
0.0694514
0.075041
0.173597
0.221554
0.586632
1.46662
1.76306
2.14926
4.10947
5.4653
10.3302
---------------------------------------------------


EZH2:
1.39281
7.43705
8.39895
15.4634
20.8447
23.5422
47.3427
57.6774
62.9058
79.131
---------------------------------------------------


HIF1A:
7.66278
9.68031
14.7057
25.3373
26.8167
28.0469
31.7266
49.3911
53.4761
60.8483
71.0175
---------------------------------------------------


BIRC5:
0.456552
1.79838
5.0914
5.63322
7.85257
8.07925
10.6481
11.5449
28.8021
---------------------------------------------------


ID1:
8.8563
16.7928
18.6245
19.7993
23.6084
26.595
29.4482
42.4122
63.9929
64.2095
---------------------------------------------------


ID2:
5.1298
7.32853
23.899
24.2902
25.5214
27.6159
27.9206
32.465
54.622
58.6577
68.3111
---------------------------------------------------


IGFBP2:
19.6257
24.561
24.7366
32.5059
35.2955
39.1535
43.0076
58.2369
60.7389
72.623
79.0976
---------------------------------------------------


ITGA6:
0.0
1.76784
4.74621
6.0443
14.2627
14.8247
18.3627
21.9076
22.1992
33.785
---------------------------------------------------


DANCR:
0.0
1.19537
2.48751
3.24768
4.22708
5.82728
14.9606
18.2338
19.8477
24.5698
29.3447
---------------------------------------------------


MET:
0.0
0.255937
0.306598
0.346743
0.462533
1.03166
1.06399
1.09001
1.41069
1.45292
1.62899
---------------------------------------------------


MYC:
1.193
5.51193
7.47208
7.70582
12.7601
14.4933
22.272
23.2773
36.0395
41.3834
44.7626
---------------------------------------------------


NOS2:
2.41333
3.63996
4.29724
7.79754
9.13893
9.17208
11.203
11.442
30.3446
41.6429
---------------------------------------------------


PDGFRA:
3.6851
4.47675
5.25174
13.7267
15.5604
24.6888
28.4105
30.8311
68.2744
69.816
---------------------------------------------------


TGFBR2:
0.0
0.214891
2.02362
8.23591
10.8482
12.6695
15.4227
17.3626
17.7163
20.8299
21.683
25.4669
42.4682
63.8026
---------------------------------------------------


TNFAIP3:
0.0871619
2.31633
2.42702
3.31991
4.77358
8.60408
9.63826
10.2534
11.8964
---------------------------------------------------


PROM1:
0.906969
1.23338
1.80822
2.24677
2.53172
3.84816
4.18848
5.73647
14.8374
22.6177
---------------------------------------------------


CD44:
10.4311
12.6866
23.5196
25.1282
30.3033
32.0662
34.633
50.0203
57.3428
64.6194
527.842
---------------------------------------------------


