OLIG2:
15.8849
17.829
17.9845
21.2385
22.1221
23.2575
24.2562
26.6651
31.8868
33.6982
---------------------------------------------------


PDPN:
0.0425678
0.0723857
0.127162
0.206434
0.208263
0.210731
0.354948
0.447986
6.27557
12.3937
---------------------------------------------------


POSTN:
0.779351
1.53494
1.6
2.10061
3.24432
3.41457
3.65836
3.7762
4.73529
6.26924
---------------------------------------------------


EZH2:
2.26843
2.4093
5.5974
5.68679
6.22484
7.35138
8.91956
9.13623
9.61149
16.0779
---------------------------------------------------


HIF1A:
6.00078
6.07613
7.53595
8.10105
9.51409
9.87218
13.7872
15.5759
17.1657
25.0033
---------------------------------------------------


BIRC5:
0.259767
0.28373
0.298209
0.51131
0.557629
0.653743
0.861126
2.38342
2.64034
3.67671
---------------------------------------------------


ID1:
2.79889
3.14957
3.17569
3.2861
3.91551
5.16969
5.19615
9.43399
11.3963
32.5948
---------------------------------------------------


ID2:
17.1561
19.9056
22.7363
24.7957
25.4719
28.0753
30.09
36.5552
47.8848
52.6083
---------------------------------------------------


IGFBP2:
7.18643
12.1472
16.2851
19.4571
21.9796
23.2484
23.7144
24.3338
28.4061
30.9514
---------------------------------------------------


ITGA6:
0.835402
0.929227
1.16243
1.27702
1.41251
2.10112
3.28498
5.03791
11.1141
13.2052
---------------------------------------------------


DANCR:
7.39404
8.4717
8.85527
10.7751
11.9339
14.2179
15.252
16.3076
16.5246
18.0745
---------------------------------------------------


MET:
0.400049
1.30375
1.76562
1.86146
1.96962
2.21479
2.32853
2.70305
2.73217
4.50007
---------------------------------------------------


MYC:
12.1476
18.0547
18.1047
21.5639
24.9914
25.6366
27.8864
37.689
45.7019
53.7275
---------------------------------------------------


NOS2:
8.57642
9.26434
9.34868
13.1146
13.135
14.2267
15.9472
17.5598
23.5475
36.3714
---------------------------------------------------


PDGFRA:
5.45681
5.80302
6.26475
6.82228
7.18999
7.42093
7.47036
8.00463
9.02706
13.1855
---------------------------------------------------


PI3:
0.605913
1.92041
2.71664
2.78163
3.08821
3.58137
3.71693
3.7374
4.13246
4.46949
---------------------------------------------------


TGFBR2:
0.897412
0.909308
1.74288
1.9086
1.92978
2.44845
3.07858
7.25901
11.6316
23.5013
---------------------------------------------------


TNFAIP3:
0.149627
0.214504
0.230653
0.318179
0.758001
0.801818
0.876542
1.13501
1.56452
6.58628
---------------------------------------------------


PROM1:
1.56606
2.16736
2.25204
3.45533
3.63825
4.27604
5.54772
5.71143
6.52466
16.2291
---------------------------------------------------


CD44:
0.499544
0.860962
0.897659
1.06981
1.46226
1.96588
2.13845
3.20818
14.0556
27.2388
---------------------------------------------------


