OLIG2:
3.49331
5.18637
6.14751
6.67362
6.87168
6.98562
7.26707
7.45828
8.64029
11.3034
12.893
13.924
14.6833
---------------------------------------------------


PDPN:
0.0191781
0.0284076
0.0553834
0.0660661
0.0807549
0.0981573
0.134401
0.238771
0.370839
0.386331
0.514806
0.744728
3.69813
---------------------------------------------------


POSTN:
0.777972
0.820494
0.911182
0.994506
1.71056
2.05106
2.10605
2.23719
2.24436
2.24755
2.72071
3.27858
---------------------------------------------------


MECOM:
0.0153102
0.0170235
0.0180021
0.01876
0.0220432
0.025875
0.0287756
0.036429
0.0535351
0.0599613
0.0696813
0.0854622
0.188452
1.80125
2.35694
2.51435
4.13662
4.71822
4.737
---------------------------------------------------


EZH2:
2.90722
3.12662
3.43664
3.44795
3.51773
3.57094
3.63229
4.54698
5.21975
5.63346
6.2817
7.29345
---------------------------------------------------


HIF1A:
0.873583
8.04143
8.36442
11.4112
13.6537
15.7544
17.5317
17.5666
17.6885
17.7078
18.0071
22.5131
23.0203
---------------------------------------------------


BIRC5:
2.11905
2.24366
3.52543
3.66153
3.89577
3.96757
4.18143
4.51109
4.70381
5.02804
5.39406
7.81355
---------------------------------------------------


ID1:
6.43766
10.2626
12.2094
12.2424
12.8454
12.9812
14.1395
14.2382
14.7309
15.2683
15.9829
21.2178
---------------------------------------------------


ID2:
2.25578
5.10868
6.91903
12.8412
13.0058
13.0611
13.6468
16.4555
17.8335
18.1273
19.6382
20.5483
---------------------------------------------------


IGFBP2:
4.86147
8.01106
10.0694
10.6635
11.1856
11.4075
12.3375
12.6288
15.3509
16.6889
18.3441
21.3118
24.8194
---------------------------------------------------


ITGA6:
1.37403
1.65401
2.66633
2.76404
3.38315
3.94789
4.49105
4.52129
4.53615
4.68503
4.71325
5.35096
---------------------------------------------------


DANCR:
0.429554
0.681173
1.09555
1.29601
1.5664
1.59877
2.12295
2.48965
2.52522
3.09821
4.15249
7.15884
---------------------------------------------------


MET:
0.517453
0.853527
0.916782
0.922171
0.965185
0.977183
1.2076
1.26785
1.28581
1.33393
1.36544
1.47353
---------------------------------------------------


MYC:
9.00067
10.3943
11.1631
11.9517
12.028
12.0942
14.0964
14.1866
14.455
17.8996
18.088
18.9704
19.2305
---------------------------------------------------


NOS2:
0.94567
1.46042
1.70428
1.99322
2.39175
2.62718
2.7531
2.77808
2.78576
2.81603
2.89882
3.17791
---------------------------------------------------


PDGFRA:
0.197245
0.740542
1.7606
1.8235
2.29779
2.71044
2.91099
3.34631
5.46247
8.89036
9.98529
11.7201
12.1018
---------------------------------------------------


PI3:
0.0380674
0.0967416
0.171323
0.214765
0.443228
0.756339
1.00968
1.03986
1.42358
1.87189
4.74351
---------------------------------------------------


TGFBR2:
0.13014
7.08682
7.17584
8.25075
8.59625
9.14373
9.98377
10.1096
10.7185
12.4091
13.1778
14.2486
19.3401
---------------------------------------------------


TNFAIP3:
3.38526
6.16857
10.7355
11.7294
13.4971
14.3057
14.7574
16.453
16.7022
16.9668
19.3979
22.6817
---------------------------------------------------


PROM1:
1.18299
1.58427
1.65542
1.88266
1.89664
2.3939
2.63717
3.12006
3.30472
3.55514
3.72708
4.65568
---------------------------------------------------


CD44:
12.6292
13.5514
13.8759
17.7531
17.7611
20.8112
21.3105
21.3905
22.3076
23.6626
25.468
28.9994
32.7366
---------------------------------------------------


