OLIG2:
0.0
0.0
0.921188
2.30411
4.11929
5.79123
7.89695
8.57077
9.74454
13.7394
40.7299
49.1551
56.9139
---------------------------------------------------


PDPN:
0.0
0.0
1.45824
2.1131
2.24813
2.69505
5.97284
6.67955
7.46073
9.26267
12.2264
13.2816
15.8325
20.9921
---------------------------------------------------


POSTN:
0.0
0.0
0.333973
0.395066
0.404084
0.432224
0.555848
0.609897
4.29783
6.18021
11.3567
12.9868
---------------------------------------------------


EZH2:
0.0
2.46252
7.79719
8.22092
8.59945
9.26932
14.1628
18.3266
20.2893
21.5509
35.4749
40.9383
45.8821
114.084
---------------------------------------------------


HIF1A:
4.82474
7.40153
9.76061
17.5776
21.2742
22.4656
25.819
27.1306
28.1036
29.8271
33.7164
43.616
44.1072
---------------------------------------------------


BIRC5:
0.0
0.205081
0.553621
0.565801
0.826528
0.87133
0.948488
1.64746
2.16837
2.24768
2.30576
7.37518
8.09829
13.8538
---------------------------------------------------


ID1:
0.106277
0.95276
2.14089
2.91428
4.70009
9.13202
11.1937
11.4223
14.1206
14.2872
23.0025
35.1389
39.8306
---------------------------------------------------


ID2:
8.2255
11.5386
13.9219
13.9431
14.5015
15.8583
17.1483
17.9868
20.0095
22.7376
25.5388
26.0574
52.4243
112.298
---------------------------------------------------


IGFBP2:
0.0
5.16624
9.02097
11.5028
19.9294
26.5155
28.8114
33.1799
44.8578
45.003
62.0675
64.5691
108.99
115.797
---------------------------------------------------


ITGA6:
0.0
0.0
0.443191
0.830407
1.38176
2.37222
2.94108
3.24711
3.4162
4.97055
5.72881
9.04151
10.2171
31.4506
---------------------------------------------------


DANCR:
0.0
0.672316
1.58893
2.05847
2.94458
5.37232
7.04001
8.51981
9.52976
10.4535
10.891
13.1788
13.4574
---------------------------------------------------


MET:
0.0
0.00887183
0.0153705
0.144645
0.225875
0.467432
0.525198
1.02629
1.89694
2.17903
4.13486
5.19036
7.83559
9.50019
---------------------------------------------------


MYC:
0.813652
2.80038
3.26359
4.20229
4.63546
9.21425
9.57358
13.0326
23.0884
31.8786
38.0984
40.8638
47.42
60.3221
---------------------------------------------------


NOS2:
1.20266
1.2581
1.43303
1.45932
2.19522
3.51155
4.16901
6.3725
7.72119
8.20309
21.9354
33.087
35.8133
---------------------------------------------------


PDGFRA:
1.39088
2.71836
4.64742
6.27003
9.0669
9.49415
9.79893
11.6207
11.6626
27.8738
31.4136
33.015
---------------------------------------------------


PI3:
0.0
0.0392027
0.0827588
0.529317
0.974121
1.20657
1.44169
1.70474
3.89628
4.76027
20.4301
21.0395
23.3413
---------------------------------------------------


TGFBR2:
0.589669
1.07984
1.71685
3.37623
6.67438
7.79724
9.24293
9.70236
19.1034
22.9919
25.343
28.3267
29.879
30.9143
---------------------------------------------------


TNFAIP3:
0.0
0.0
0.636631
0.830843
1.04488
1.53897
1.71151
2.31196
5.33244
5.7861
6.53556
8.70768
11.6271
16.3799
---------------------------------------------------


PROM1:
0.0517176
0.118564
0.202731
0.4344
0.834518
1.22535
1.41174
1.59234
2.76976
3.35794
5.61714
6.19427
7.75588
14.009
---------------------------------------------------


CD44:
0.0
7.27536
11.001
12.0866
15.214
16.9859
19.8722
23.3792
29.1784
30.0851
42.9646
50.1874
55.3011
84.3273
---------------------------------------------------


