BIRC5:
0.118827
0.18036
0.18599
0.197543
0.967359
1.02253
1.52595
1.55161
1.76479
1.96517
---------------------------------------------------


DANCR:
0.0352598
0.0414427
0.0426507
0.0441479
0.0479168
0.0566017
0.0610764
0.129242
0.33222
1.34675
---------------------------------------------------


CD44:
0.0549528
0.135911
0.32713
0.395728
0.494121
0.526204
0.569639
1.23861
2.52738
3.81874
---------------------------------------------------


MECOM:
0.187207
0.624472
0.640556
0.713979
0.805943
0.818208
1.02564
1.91842
2.36028
---------------------------------------------------


EZH2:
2.48992
2.83681
3.62194
3.99692
4.05347
4.39977
5.48151
5.88341
7.08786
8.78861
---------------------------------------------------


HIF1A:
0.382521
0.542071
0.624423
0.713939
2.04688
2.94284
3.15281
3.20768
3.31567
3.97182
---------------------------------------------------


ID1:
0.147651
0.248057
0.273255
0.293419
0.537179
0.691087
0.744194
1.00216
1.05817
1.43812
---------------------------------------------------


ID2:
0.304668
0.306395
0.487541
0.582588
0.653352
0.848032
0.938457
1.09042
1.41087
1.54167
---------------------------------------------------


IGFBP2:
1.34771
1.7791
2.30861
3.22594
3.64602
4.19003
4.71574
5.58879
6.49743
6.88933
---------------------------------------------------


ITGA6:
0.338245
0.340844
0.388406
0.403706
1.1628
1.47025
1.65305
1.72824
2.48815
2.89939
---------------------------------------------------


MET:
0.0104363
0.0176046
0.0186588
0.0200542
0.0294708
0.0309643
0.0332568
0.0388441
0.0483058
0.0565578
0.111789
0.418674
---------------------------------------------------


OLIG2:
0.140103
0.288051
0.375127
0.433028
1.06963
1.54863
1.56119
1.78154
3.37458
3.52007
---------------------------------------------------


PDPN:
0.113312
0.134572
0.263085
0.336734
0.547063
0.924878
1.0223
1.25298
1.7295
2.64249
---------------------------------------------------


POSTN:
1.17032
1.60674
1.71053
2.15312
2.47487
3.76649
3.98471
5.69663
6.04957
7.94165
---------------------------------------------------


MYC:
0.0896133
0.216675
0.365882
0.41145
0.481827
0.531654
0.765019
0.875619
0.912086
4.94037
---------------------------------------------------


NOS2:
0.0275793
0.0507439
0.0737544
0.116273
0.22384
0.259594
0.262254
0.269168
0.652318
0.7316
---------------------------------------------------


PDGFRA:
1.47909
2.31803
2.38322
2.59932
3.04357
4.26501
4.4073
4.58411
4.59008
6.7686
---------------------------------------------------


PI3:
0.00456941
0.0047775
0.00495507
0.00771017
0.0085872
0.0109655
0.0109831
0.0240632
0.0279977
0.344444
---------------------------------------------------


TGFBR2:
0.237672
0.30525
0.479436
0.582676
1.19856
1.45549
2.14345
2.29929
2.58032
3.04481
3.92707
5.48602
5.79998
---------------------------------------------------


TNFAIP3:
0.0126068
0.0160675
0.0234779
0.0396135
0.119274
0.132823
0.195097
0.20555
0.216345
0.351414
---------------------------------------------------


PROM1:
0.3127
0.733545
2.45241
3.60819
3.90645
4.17159
5.56343
5.79307
6.22738
6.36587
---------------------------------------------------


