OLIG2:
0.418099
2.07022
5.30889
6.34732
9.10189
9.49756
10.4666
10.4737
10.9094
18.1577
51.5159
---------------------------------------------------


PDPN:
0.0566207
1.89587
2.80252
2.86173
2.86229
2.93812
3.82656
4.39722
5.08552
5.87687
9.55259
57.561
---------------------------------------------------


POSTN:
0.0
0.0
0.0727353
0.390097
0.514975
0.792077
1.3022
1.31892
1.55704
9.12113
---------------------------------------------------


EZH2:
1.19628
1.26674
1.51699
1.95569
2.0594
2.25162
2.68453
3.63026
4.47243
4.62067
---------------------------------------------------


HIF1A:
0.307929
0.689304
1.24342
1.72787
1.85934
1.89295
2.26799
3.10895
3.61189
6.37768
---------------------------------------------------


BIRC5:
0.0
0.0461123
0.152147
0.171884
0.325056
0.456295
0.497815
0.520897
0.545636
0.605829
1.19162
---------------------------------------------------


ID1:
0.0379466
0.171593
0.543565
0.595785
0.732489
0.744698
0.966526
1.23891
4.37925
7.67048
65.6891
---------------------------------------------------


ID2:
0.399163
1.52833
2.56744
5.47425
7.39214
7.77001
8.75099
9.33732
10.0508
14.289
16.9948
41.6712
---------------------------------------------------


IGFBP2:
1.88709
2.4036
4.13465
6.49758
7.9634
10.8488
10.8883
10.8969
14.9487
15.2662
---------------------------------------------------


ITGA6:
0.0151777
0.121576
0.127005
0.238532
0.261077
0.321461
0.596317
1.04996
1.53323
3.25531
---------------------------------------------------


DANCR:
0.0
1.30863e-10
0.187205
0.229503
0.230158
0.346542
0.354954
0.358532
0.685801
---------------------------------------------------


MET:
0.0
0.0
0.0109257
0.011771
0.018222
0.0376521
0.0837271
0.103049
0.437047
0.867061
---------------------------------------------------


MYC:
1.63159
1.88423
2.21722
2.2607
3.75871
4.08508
4.55109
5.16441
6.72829
7.27833
---------------------------------------------------


NOS2:
0.0
0.0
0.075191
0.279925
0.293021
0.611078
0.805334
0.849154
0.850158
1.1875
20.9646
---------------------------------------------------


PDGFRA:
0.656912
5.43049
5.7822
8.0912
8.70924
9.04943
11.8657
13.4683
22.5288
41.9727
---------------------------------------------------


PI3:
0.0372524
0.0593089
0.101549
0.147816
0.276912
0.422848
0.477273
0.666277
0.723409
1.26285
7.36022
---------------------------------------------------


TGFBR2:
0.0
0.0
1.66316e-10
0.544917
0.914539
1.03478
1.39475
1.42725
2.29212
---------------------------------------------------


TNFAIP3:
0.0
0.0194221
0.0312384
0.0423849
0.0635033
0.157332
0.171357
0.214397
0.309254
0.661405
0.727724
---------------------------------------------------


PROM1:
0.668667
0.711059
1.3427
2.52035
3.16949
4.0034
4.51506
6.87685
8.06802
9.52868
---------------------------------------------------


CD44:
0.0993913
1.32077
1.66217
1.81311
3.5413
3.83254
4.15369
5.91108
6.85139
8.85574
---------------------------------------------------


