OLIG2:
4.02622
5.87234
6.52245
9.1184
10.0686
10.683
11.6876
12.4801
12.4923
13.838
13.8899
14.3734
---------------------------------------------------


PDPN:
0.286001
0.460973
0.687778
1.04818
1.35666
1.47996
1.5952
1.63362
2.41902
2.76248
3.22015
3.34472
---------------------------------------------------


POSTN:
0.252677
0.41463
0.523497
0.539367
0.565963
0.609298
0.63909
0.806228
0.894495
1.19739
2.3758
3.11145
---------------------------------------------------


EZH2:
1.56007
2.21274
2.38184
2.49851
2.58382
2.82146
2.82153
3.50962
3.56753
3.67402
5.33642
5.42291
---------------------------------------------------


HIF1A:
0.699939
0.810827
1.14952
1.35042
1.85333
2.34222
2.37438
2.70913
3.0744
4.03022
4.50762
4.5472
---------------------------------------------------


BIRC5:
0.247302
0.256098
0.256266
0.394226
0.4217
0.425386
0.560853
0.57707
0.771528
1.02786
1.11041
1.67312
---------------------------------------------------


ID1:
0.648312
0.837401
1.08303
1.08589
1.20441
1.48148
1.54335
1.63279
1.65822
1.69979
1.79908
1.87585
---------------------------------------------------


ID2:
3.67934
4.33914
4.5066
4.78331
5.56107
5.9712
7.35509
7.54266
9.66878
10.2919
10.3994
11.7031
---------------------------------------------------


IGFBP2:
7.21544
7.65661
8.67259
8.72107
8.81048
9.71633
11.398
11.8502
11.886
13.0237
15.1149
18.3736
---------------------------------------------------


ITGA6:
1.32948
1.4252
1.44444
1.75931
1.76068
1.84123
1.95712
2.17754
2.18126
3.01505
3.28805
3.58721
---------------------------------------------------


DANCR:
0.304704
0.312389
0.359651
0.444457
0.645684
0.654762
0.690152
0.73496
0.749433
0.884682
0.892805
0.92476
---------------------------------------------------


MET:
0.016865
0.0242696
0.0291721
0.0345388
0.0386854
0.0455715
0.0669985
0.0684297
0.123099
0.169358
0.205776
0.245155
---------------------------------------------------


MYC:
1.10186
1.45613
1.81546
3.29258
3.54841
4.20848
4.76086
5.35351
5.73647
5.99321
7.11788
9.95168
---------------------------------------------------


NOS2:
0.295068
0.359461
0.437068
0.472452
0.735923
0.917147
1.0283
1.08604
1.16636
1.22985
2.65067
3.7564
---------------------------------------------------


PDGFRA:
5.94884
6.85729
6.87251
8.25139
9.02111
10.3438
10.6156
11.0038
11.666
14.5196
15.5845
16.2435
---------------------------------------------------


PI3:
0.0548297
0.0612183
0.125057
0.173061
0.181244
0.36272
0.454249
0.519608
0.617479
0.716335
1.42179
1.43262
---------------------------------------------------


TGFBR2:
0.219953
0.985261
1.05318
1.16975
1.17074
1.32893
1.47128
1.48118
1.50702
1.78995
1.83764
2.23274
---------------------------------------------------


TNFAIP3:
0.302879
0.322897
0.38085
0.405616
0.633034
0.763643
0.860426
0.961805
1.12891
1.17661
1.36232
2.09509
---------------------------------------------------


PROM1:
0.135346
0.149131
0.210702
0.25237
0.262187
0.347361
0.437983
0.500595
0.717856
0.991702
1.06355
1.43171
---------------------------------------------------


CD44:
1.37786
1.87883
2.05427
2.44957
2.53411
3.08587
3.14421
3.27721
3.37786
4.15395
7.31549
8.38424
---------------------------------------------------


