OLIG2:
2.89642
6.56055
7.72557
7.78399
8.45224
9.02767
12.4877
16.7633
18.6986
19.1795
23.4479
27.9224
28.7292
23771.7
---------------------------------------------------


PDPN:
1.33569
1.35953
1.37922
1.63936
3.36197
5.01156
9.43364
12.8196
17.6824
20.9812
29.9569
32.5791
35.2386
4396.91
---------------------------------------------------


POSTN:
5.15865
5.82452
7.69743
9.57569
14.3385
15.6614
19.0566
22.2663
22.8057
25.1538
26.0142
32.3157
36.5561
40.095
41567.3
---------------------------------------------------


MECOM:
0.0565305
0.262949
0.284801
0.405977
0.451229
0.456288
0.812725
0.906924
1.21785
2.38138
---------------------------------------------------


EZH2:
0.884236
2.33939
2.36312
2.37976
2.65931
2.72683
2.75225
3.39474
3.64032
4.65174
4.7325
6.28872
3710.69
13337.0
---------------------------------------------------


HIF1A:
0.748609
1.14641
1.86447
2.49047
2.68454
3.67354
4.87489
9.13703
9.96859
10.3221
17.0445
20.3679
23.3071
9194.18
---------------------------------------------------


BIRC5:
0.177925
0.254053
0.348516
0.438015
0.54779
0.66667
0.756301
0.920381
1.06992
1.16881
1.51341
1.68471
1.73739
937.806
---------------------------------------------------


ID1:
0.947193
0.987354
1.31815
1.7793
2.41065
2.9826
4.06729
4.72191
4.76778
5.03738
5.53907
5.60713
6.11107
2353.59
---------------------------------------------------


ID2:
3.44611
5.82289
7.30627
7.76747
8.69141
10.6675
11.5479
13.9053
14.2144
15.5787
17.3367
17.9232
18.9612
13175.5
---------------------------------------------------


IGFBP2:
8.8434
13.4384
16.1292
18.3896
23.8252
23.8971
23.944
25.9919
30.9405
37.8609
40.9654
42.6693
44.5055
44.7241
50.0032
---------------------------------------------------


ITGA6:
0.256426
0.62224
0.827443
0.883712
1.00198
1.01538
1.08207
1.31722
1.76968
1.8584
2.15692
2.75486
3.18132
3337.31
---------------------------------------------------


DANCR:
6.70455
10.676
11.0795
12.9997
16.0044
23.6275
24.5622
25.8499
26.9435
28.6579
28.9378
35.8703
36.2601
41.4438
13240.0
---------------------------------------------------


MET:
0.082048
0.230848
0.274847
0.387797
0.501102
0.641925
0.703334
0.757239
1.02669
1.22704
1.4086
2.08531
1223.84
---------------------------------------------------


MYC:
5.7066
8.59617
18.638
20.5747
21.0646
21.3575
24.5795
30.9797
32.119
32.4328
36.551
41.4652
32396.9
---------------------------------------------------


NOS2:
1.62893
1.80825
2.11762
4.19927
4.33551
5.20345
5.63825
6.77147
7.15812
7.53989
8.0947
14.9784
15.9393
6771.03
---------------------------------------------------


PDGFRA:
18.983
19.5806
24.0328
24.1358
29.1485
29.5596
30.6451
31.6893
32.0298
35.9748
36.2332
38.6222
45.9327
85093.3
---------------------------------------------------


PI3:
0.439045
0.478933
0.5833
0.692889
0.761252
0.889282
1.66436
1.83019
2.91465
3.1432
3.89544
7.50186
8.35898
9.91505
4118.75
---------------------------------------------------


TGFBR2:
0.279183
0.722205
0.954817
0.956181
1.83423
2.4326
2.8457
4.83882
5.48653
5.93768
6.33385
8.49852
9.05764
16.0931
---------------------------------------------------


TNFAIP3:
0.177452
0.210998
0.449255
0.532157
0.61333
1.18274
1.22585
1.25666
2.10349
2.88747
4.31967
4.49106
6.13048
1075.44
---------------------------------------------------


PROM1:
2.89224
3.63747
7.52908
8.40991
10.7138
12.2068
13.4158
16.1165
18.3269
19.9865
23.1633
23.4442
9332.4
14797.3
---------------------------------------------------


CD44:
7.63012
11.6606
12.1504
17.0154
19.0975
20.6096
21.0591
22.3623
34.189
35.2544
36.6812
45.2936
50.3539
51.2424
---------------------------------------------------


