OLIG2:
4.85934
5.75656
5.91536
6.09679
6.19871
9.1588
10.0753
11.2116
12.77
12.7817
16.5268
18.2715
24.367
25.8556
---------------------------------------------------


PDPN:
0.025726
0.0260632
0.0402649
0.0428166
0.0439578
0.0750019
0.0761334
0.0803779
0.104883
0.19543
0.274044
0.276432
0.550079
0.68364
0.790272
---------------------------------------------------


POSTN:
0.140487
0.43162
0.437529
0.540449
0.593542
0.7722
0.857852
1.08589
1.14172
2.50524
3.03756
3.33381
4.76475
6.55244
---------------------------------------------------


MECOM:
0.0454553
0.137753
0.166762
0.255033
0.32718
0.606519
0.752328
1.24952
1.28179
1.41177
3.48015
---------------------------------------------------


EZH2:
0.244315
1.05286
1.1359
1.33132
1.51371
2.49362
4.84921
5.63876
6.32687
6.96726
7.36258
8.42943
14.832
32.7967
---------------------------------------------------


HIF1A:
0.32785
0.39361
0.469721
0.753153
0.930021
1.12565
1.38698
1.38953
1.39053
1.85452
1.8548
1.87047
6.8961
7.10822
---------------------------------------------------


BIRC5:
0.0344729
0.100184
0.116896
0.138896
0.190365
0.212583
0.361667
0.40946
0.462963
0.488016
1.04457
1.13353
1.54675
2.04009
---------------------------------------------------


ID1:
2.0596
2.22368
2.79645
2.8136
2.82398
2.9416
3.11432
3.75608
4.36199
5.48596
5.83253
6.43027
8.25079
8.79487
---------------------------------------------------


ID2:
2.74928
3.37264
3.45062
3.5556
3.8042
5.4811
5.50053
7.19865
7.53035
10.5094
10.6171
11.5563
14.2358
14.7106
---------------------------------------------------


IGFBP2:
1.24901
1.26041
1.47443
1.61017
1.97495
2.2407
2.81197
3.08855
4.44132
7.60989
8.72231
8.77382
16.2308
26.2894
---------------------------------------------------


ITGA6:
0.247997
0.28335
0.388483
0.396343
0.634832
0.688033
0.714597
0.843338
0.868047
0.918992
1.05399
1.3101
1.32872
1.62581
---------------------------------------------------


DANCR:
0.949552
1.16637
1.32509
1.65109
1.73059
1.83398
1.98723
2.08933
2.46846
2.52836
2.85823
3.55867
3.65196
5.11992
---------------------------------------------------


MET:
0.0351763
0.0921434
0.106188
0.147906
0.171774
0.187307
0.187528
0.19914
0.199853
0.237321
0.296724
0.422428
0.714496
0.995388
---------------------------------------------------


MYC:
0.96629
2.24201
2.38937
2.55759
4.18856
4.46783
4.54581
4.62779
5.14482
5.37937
5.79847
8.05497
14.9531
17.7384
---------------------------------------------------


NOS2:
0.73916
0.742716
2.15591
2.19415
2.95519
3.23278
3.32185
4.47281
4.5928
7.66854
9.75593
10.2791
16.1774
20.9708
---------------------------------------------------


PDGFRA:
1.773
1.93596
2.10848
2.28835
2.29524
2.48086
2.50538
2.9808
3.79683
4.84807
4.93761
5.91656
9.18507
10.5678
---------------------------------------------------


PI3:
0.0651335
0.0904344
0.131595
0.275438
0.295224
0.30274
0.497864
0.745219
0.786215
0.982957
1.46658
2.07296
7.88398
8.18903
---------------------------------------------------


TGFBR2:
0.0680478
0.0934278
0.0937303
0.0937889
0.143199
0.201763
0.219155
1.29775
2.17814
2.19742
3.41366
4.53161
4.98283
8.49874
---------------------------------------------------


TNFAIP3:
0.0827971
0.197261
0.20097
0.331806
0.582418
0.77402
0.781093
0.832006
0.897689
0.915119
0.988223
1.31209
1.43797
1.71266
---------------------------------------------------


PROM1:
0.143901
0.491622
0.531766
0.721505
0.927232
1.09037
1.23694
1.41719
1.45977
1.47135
1.52142
1.72703
3.48375
3.55204
---------------------------------------------------


CD44:
1.03047
1.43407
2.08806
2.18096
2.41117
3.66066
4.30193
4.83483
4.96718
5.11828
9.859
14.1762
14.392
18.1546
---------------------------------------------------


