OLIG2:
8.49346
12.9329
13.312
20.1987
30.7123
43.0153
---------------------------------------------------


PDPN:
0.0415986
0.0983236
0.190185
0.871758
1.73101
2.08999
---------------------------------------------------


POSTN:
0.0529653
0.144065
0.27002
0.726914
0.777814
2.21415
---------------------------------------------------


MECOM:
0.134393
0.257628
0.262154
---------------------------------------------------


EZH2:
0.182848
0.357533
1.15413
2.28279
2.91019
5.10993
---------------------------------------------------


HIF1A:
0.626779
2.28494
3.11937
4.00666
15.8202
16.1092
---------------------------------------------------


BIRC5:
0.0668845
0.497683
0.567204
0.773111
1.8912
2.03388
---------------------------------------------------


ID1:
0.354396
0.470062
0.932294
1.02595
1.50989
1.68566
---------------------------------------------------


ID2:
2.29179
3.74242
3.80698
4.16754
4.40048
9.48569
---------------------------------------------------


IGFBP2:
0.539509
2.74563
6.79415
21.2866
23.899
34.7086
---------------------------------------------------


ITGA6:
0.191248
0.200132
0.3874
0.461622
0.694596
1.28306
---------------------------------------------------


DANCR:
0.699704
0.76959
0.823842
0.91931
1.09989
2.24521
---------------------------------------------------


MET:
0.0745274
0.0776641
0.0846191
0.114546
0.267731
0.521061
---------------------------------------------------


MYC:
4.2671
9.60367
15.8677
18.0413
24.2895
28.4715
---------------------------------------------------


NOS2:
0.433617
0.915485
2.31255
4.71663
5.05886
8.19876
---------------------------------------------------


PDGFRA:
0.654148
0.774897
1.16331
2.12363
2.13951
4.50503
---------------------------------------------------


PI3:
0.112788
0.139105
0.311759
0.871263
1.00411
2.21384
---------------------------------------------------


TGFBR2:
0.149451
1.19174
1.28251
1.39178
3.46715
5.55873
---------------------------------------------------


TNFAIP3:
0.0293689
0.0425583
0.0498288
0.109879
0.165855
0.199272
---------------------------------------------------


PROM1:
0.159802
0.31616
0.4364
0.475761
2.75245
5.39316
---------------------------------------------------


CD44:
0.439416
0.893308
1.24711
4.4409
5.47325
20.7139
---------------------------------------------------


