OLIG2:
0.255771
1.56469
2.44475
3.20201
3.32513
4.73049
6.15136
8.93144
---------------------------------------------------


PDPN:
0.395059
0.760842
1.73742
1.82724
2.25233
2.53861
3.57147
9.34656
---------------------------------------------------


POSTN:
0.817604
0.836872
1.48701
1.57254
3.00367
3.56595
4.15289
4.9042
---------------------------------------------------


MECOM:
0.0188447
0.030909
0.0450824
0.22078
---------------------------------------------------


EZH2:
0.122753
0.353321
0.379258
1.26999
3.19389
3.24772
4.38722
5.19083
---------------------------------------------------


HIF1A:
0.236375
0.46419
3.80999
4.97953
5.41327
5.4678
8.71453
8.77734
---------------------------------------------------


BIRC5:
0.0150779
0.0487121
0.102071
0.18962
0.389472
0.408299
0.619617
0.637079
---------------------------------------------------


ID1:
0.254459
1.57603
1.83813
2.89403
4.24091
10.0251
13.2806
21.4045
---------------------------------------------------


ID2:
0.0151623
0.0229457
0.0867354
1.30827
2.58922
3.34218
3.4066
5.16281
---------------------------------------------------


IGFBP2:
2.91629
3.47408
3.96514
4.97895
5.77789
7.25693
9.96681
21.9631
---------------------------------------------------


ITGA6:
0.11137
0.251582
0.702513
0.862825
0.896687
1.32657
1.4363
1.99791
---------------------------------------------------


DANCR:
0.113732
0.214612
0.646518
0.843261
0.854724
0.954474
2.91675
3.14192
---------------------------------------------------


MET:
0.0111669
0.0262878
0.0400272
0.04025
0.166801
0.238887
0.390449
5.15345
---------------------------------------------------


MYC:
6.31954
7.09028
8.57041
8.59709
11.9283
12.215
14.397
33.3482
---------------------------------------------------


NOS2:
0.258827
0.362182
0.416332
0.61493
0.680058
0.875402
0.971646
1.86624
---------------------------------------------------


PDGFRA:
0.178962
0.24761
0.294842
0.391721
0.730228
0.855381
1.8576
1.98205
---------------------------------------------------


PI3:
0.213776
1.05212
1.6405
1.64253
2.35805
2.41341
2.4312
3.27524
---------------------------------------------------


TGFBR2:
0.0772808
0.459246
0.807279
0.868569
3.54946
4.18923
5.00711
6.08044
---------------------------------------------------


TNFAIP3:
0.0200723
0.0463395
0.129719
0.144457
0.244025
0.255895
0.259125
0.432605
---------------------------------------------------


PROM1:
0.182879
0.205666
0.245034
0.859966
1.44574
1.76715
2.65821
3.15857
---------------------------------------------------


CD44:
1.56367
10.1978
10.9561
15.2676
17.2711
22.5176
25.9604
36.4579
---------------------------------------------------


