BIRC5:
0.0227719
0.059877
0.0727632
0.10171
0.185821
0.195769
0.287119
0.317975
0.384401
0.886456
1.83105
8.25685
---------------------------------------------------


DANCR:
0.0749021
0.138253
0.150941
0.195664
0.660851
1.06565
1.06592
1.18275
2.09834
2.6338
2.66567
13.0972
---------------------------------------------------


CD44:
1.54849
1.65719
2.00974
4.15473
5.69876
8.26324
13.4769
14.3367
16.8698
35.0912
51.0238
55.8184
---------------------------------------------------


MECOM:
0.361899
0.375305
0.432006
0.813038
0.855098
2.95444
3.09081
3.9463
5.05995
---------------------------------------------------


EZH2:
0.349687
0.391307
0.397019
0.481169
0.493482
0.627948
0.844541
0.880344
1.31807
1.33029
9.41805
24.0144
---------------------------------------------------


HIF1A:
0.185423
0.303194
0.881363
1.18459
1.3377
2.2214
3.73152
4.03198
7.60164
9.2516
10.0432
35.9156
---------------------------------------------------


ID1:
0.159195
0.358089
0.48351
0.772211
0.786526
0.78838
1.13975
1.58979
1.85408
3.63018
7.9422
18.9686
---------------------------------------------------


ID2:
6.1129
7.53906
9.94552
10.2471
10.8797
11.6932
15.0193
15.8078
19.2181
20.3444
21.5744
43.9761
---------------------------------------------------


IGFBP2:
3.6998
9.66387
13.713
16.4923
17.5381
18.6194
21.2139
23.2905
25.0044
29.1282
29.5896
31.5189
34.0424
---------------------------------------------------


ITGA6:
0.632271
0.69338
1.18709
1.18851
1.35469
1.41209
1.99146
2.57347
2.70834
4.66414
26.6403
36.7011
---------------------------------------------------


MET:
0.0246771
0.0332253
0.0826285
0.0956227
0.109503
0.115728
0.209904
0.212855
0.254134
1.172
2.77657
5.47053
9.46967
11.3535
---------------------------------------------------


OLIG2:
1.20226
2.11412
2.37618
2.68412
3.68979
5.79986
8.86636
9.06734
14.0877
16.1211
19.0399
22.7223
---------------------------------------------------


PDPN:
0.318331
0.402162
1.06327
1.4103
1.75236
2.11841
2.43497
6.43847
6.48746
8.72006
11.2402
22.7919
---------------------------------------------------


POSTN:
0.0370103
0.108575
0.184753
0.226555
0.422636
0.693684
0.738317
1.56315
1.88122
2.38342
3.63422
4.16943
---------------------------------------------------


MYC:
0.342391
0.671405
1.43388
1.84069
2.81433
2.82227
3.03683
3.7009
5.95864
15.5366
18.6677
32.8574
---------------------------------------------------


NOS2:
0.153045
0.208773
0.238154
0.375712
0.460479
0.67251
0.867491
1.45761
2.10357
4.62122
8.11417
10.3725
---------------------------------------------------


PDGFRA:
0.414906
0.667806
0.710651
0.81791
1.05572
1.67813
2.59958
3.36251
4.67546
8.199
23.3486
30.2176
---------------------------------------------------


PI3:
0.0480016
0.0636305
0.073313
0.0930698
0.342919
1.26361
1.50924
1.79414
2.32486
7.32122
7.54445
8.72876
---------------------------------------------------


TGFBR2:
0.656144
0.713572
0.902442
1.03632
1.21582
2.11224
2.14682
2.35713
2.83786
3.48587
7.07904
15.0657
17.4422
31.4528
---------------------------------------------------


TNFAIP3:
0.103067
0.20273
0.311215
0.358971
0.438318
0.581942
0.870668
1.04245
2.0535
2.44738
9.60913
16.538
---------------------------------------------------


PROM1:
1.60743
2.20872
2.47012
2.99967
3.0171
4.26966
9.03659
11.239
18.2474
21.8365
50.9662
53.4722
---------------------------------------------------


