OLIG2:
3.18203
3.74302
3.84646
4.37465
7.62857
8.31457
8.35386
9.79327
9.88128
12.8086
13.6856
16.7271
16.8574
18.0682
19.881
22.555
22.8303
---------------------------------------------------


PDPN:
1.36928
3.76599
7.67792
9.3136
13.5758
14.396
19.8529
20.043
22.3002
23.2086
28.11
28.5777
30.7874
32.6735
35.7098
37.9769
38.4993
---------------------------------------------------


POSTN:
1.42242
1.92007
2.15089
2.58308
3.37129
4.06848
4.29866
4.81599
5.29002
5.50042
5.968
6.25889
8.36413
9.24541
13.0114
13.0971
14.9561
---------------------------------------------------


MECOM:
0.287709
0.324043
0.371271
0.525822
0.542774
0.547213
0.71512
0.756861
0.988597
1.0647
1.11326
1.1606
1.41087
---------------------------------------------------


EZH2:
1.82469
3.92728
4.55028
4.78467
5.94593
6.31291
6.90451
7.86817
8.4305
9.94647
11.3524
12.1699
14.0675
14.1824
14.3287
15.4047
15.5102
---------------------------------------------------


HIF1A:
2.51192
2.55397
2.60531
6.06299
8.88372
12.6054
12.7193
14.4952
16.984
17.734
18.5312
21.3338
22.3202
22.6733
24.8361
26.1818
32.9075
---------------------------------------------------


BIRC5:
0.140431
0.18059
0.213386
0.219891
0.451399
0.681347
1.34367
1.63406
1.67474
1.77637
1.81656
1.87417
1.88778
2.00793
2.41151
2.50061
3.41901
---------------------------------------------------


ID1:
1.43455
3.13947
3.88054
4.18769
7.73755
8.48968
9.10519
10.7735
10.8373
11.9634
12.3775
14.5365
14.8986
14.9154
16.3939
16.9706
18.4821
---------------------------------------------------


ID2:
10.3329
12.6646
12.7725
16.8948
17.6693
18.0241
18.3913
20.8988
21.8485
26.023
28.1009
29.1143
29.3911
29.4106
31.6704
32.4635
36.6218
---------------------------------------------------


IGFBP2:
7.07992
11.5683
11.6192
15.9036
17.6452
18.3902
19.6545
22.8082
23.5584
23.8763
24.5171
24.9636
27.7931
28.0623
30.0324
31.412
32.0526
---------------------------------------------------


ITGA6:
0.887626
0.981332
1.35845
1.49029
1.77884
1.88491
1.88628
2.10153
2.10283
3.13778
3.16719
4.33042
5.05426
5.11591
5.30578
5.34566
5.64826
---------------------------------------------------


DANCR:
0.37733
0.749245
0.899651
1.36436
1.36491
1.45568
2.11244
2.2436
2.65846
3.22139
3.35305
3.58998
3.77024
3.95392
3.96295
4.52
5.55261
---------------------------------------------------


MET:
0.0575481
0.070171
0.265438
0.297829
0.329212
0.366848
0.431032
0.498016
0.591672
0.630755
0.726568
0.770044
0.867418
0.901495
1.35237
1.96425
2.82636
3.09365
---------------------------------------------------


MYC:
3.03837
3.4734
4.95722
6.4079
8.59143
8.8782
9.252
9.80099
11.7403
12.0764
14.3394
15.162
17.1178
17.7348
19.2403
25.4885
28.2008
35.4015
---------------------------------------------------


NOS2:
2.1458
2.14792
3.95139
5.37092
5.89244
6.08476
6.86958
7.27164
7.56231
7.91901
8.24841
8.49882
8.91268
9.28588
13.5732
14.453
20.2145
---------------------------------------------------


PDGFRA:
0.607076
0.77651
0.836739
0.858665
1.08561
1.26593
1.30365
1.65611
2.11339
2.3918
2.50943
3.59599
5.20308
5.32282
5.92548
6.4245
9.97942
---------------------------------------------------


PI3:
0.22187
0.273289
0.337729
0.341778
0.944283
1.13719
1.352
1.52106
1.94561
2.65547
2.79715
2.97518
3.18758
4.54726
4.83954
11.2254
19.5174
20.14
---------------------------------------------------


TGFBR2:
1.58042
1.60308
1.95152
2.01502
2.1039
2.33658
3.75702
5.10732
5.37822
6.27959
6.76761
6.85095
7.99578
9.21965
10.0475
11.4407
12.6442
14.7944
16.1866
---------------------------------------------------


TNFAIP3:
0.245502
0.271027
0.298033
0.820147
0.872032
1.42877
1.49474
2.5573
2.61632
5.26357
6.39524
8.23947
10.4126
12.8032
14.0114
15.458
20.0611
23.4849
---------------------------------------------------


PROM1:
0.0281248
0.0664928
0.117523
0.170739
0.228333
0.237834
0.362249
0.37137
0.410011
0.604569
0.68098
0.884758
0.904968
1.17199
1.30465
1.34529
1.6731
---------------------------------------------------


CD44:
18.4843
19.4047
19.6983
21.965
22.1116
23.6433
27.0805
27.2138
27.7216
28.3374
30.2392
31.419
34.4042
36.8302
40.0836
44.8309
53.9121
---------------------------------------------------


