OLIG2:
0.0175965
0.0744427
0.101954
0.170681
0.211324
0.248561
0.397877
0.547092
1.17884
1.46926
1.61595
2.56816
2.86145
4.32941
9.67519
---------------------------------------------------


PDPN:
0.0305105
0.0712176
1.57017
2.03206
2.22395
2.96083
3.13075
3.29995
3.73826
3.98836
4.70348
5.29781
6.98134
7.70202
34.0143
---------------------------------------------------


POSTN:
0.395012
0.440505
0.555942
1.37377
2.01243
2.29406
2.45392
2.70599
2.99288
3.01777
4.37997
7.16992
8.24604
8.67031
8.90603
---------------------------------------------------


MECOM:
0.0
0.00193762
0.0824894
0.0837616
0.129207
0.133833
0.299452
0.870697
1.13162
1.3462
2.59557
---------------------------------------------------


EZH2:
0.223805
0.455172
1.57929
1.69662
1.7336
1.98212
2.93608
3.58509
6.0056
6.42516
6.73245
6.95313
6.97274
7.1531
31.1423
---------------------------------------------------


HIF1A:
0.0764661
4.14464
6.48139
7.79755
11.1465
13.3555
13.6028
13.7159
13.8189
14.1065
17.3313
17.8931
20.168
29.2837
38.8077
---------------------------------------------------


BIRC5:
0.197877
0.252575
0.433119
0.441825
0.502005
0.559103
0.574478
0.662904
0.809889
0.821003
0.828927
1.17724
1.4452
4.97874
5.12106
---------------------------------------------------


ID1:
0.0913725
0.159896
0.213906
0.236464
0.516911
0.569191
1.20915
1.52136
2.39103
2.59266
2.72747
3.80608
4.85815
9.26159
10.2358
---------------------------------------------------


ID2:
0.0
0.0531527
0.290048
0.425924
0.565071
1.36355
2.00861
2.05718
2.30322
4.41446
4.53278
7.03302
9.46086
18.8734
23.3369
---------------------------------------------------


IGFBP2:
0.023591
5.33654
5.70867
7.71489
10.2432
10.3003
11.1389
14.012
14.5678
17.7102
18.1614
18.1865
25.7862
29.1366
47.4628
---------------------------------------------------


ITGA6:
0.0149167
0.10131
0.15395
0.23092
0.247718
0.248981
0.269757
0.291817
0.413837
0.623924
1.1387
1.27481
1.28201
1.31442
4.02053
---------------------------------------------------


DANCR:
0.0
0.0106274
0.0216415
0.0277575
0.0714673
0.0758667
0.0808902
0.0890626
0.0921958
0.0994774
0.107113
0.192616
0.369045
0.771842
2.38165
---------------------------------------------------


MET:
0.021106
0.0297862
0.095687
0.168826
0.246343
0.317093
0.319654
0.325833
0.388327
0.466503
0.544669
0.900583
0.992314
1.25344
11.7079
13.2112
---------------------------------------------------


MYC:
0.159273
0.727049
1.33986
1.91036
2.12869
2.19657
2.36182
2.93029
3.01899
3.03243
3.30245
3.35156
3.61054
3.61682
27.4169
---------------------------------------------------


NOS2:
0.0
0.0
0.0231712
0.0473727
0.0541732
0.0685216
0.0687841
0.0834676
0.108768
0.127988
0.12893
0.417554
0.558074
0.631902
4.60895
---------------------------------------------------


PDGFRA:
0.17575
0.21056
0.225143
0.266903
0.278097
0.378631
0.37875
0.539114
1.20759
1.24017
1.45873
1.95087
1.97217
4.45485
8.40281
---------------------------------------------------


PI3:
0.00725357
0.0632788
0.0838674
0.1009
0.140227
0.152853
0.241574
0.269285
0.316726
0.563811
1.02594
1.22457
1.5611
1.7789
8.84489
---------------------------------------------------


TGFBR2:
0.341614
0.985501
2.44866
2.53981
2.59478
2.8606
2.96825
3.3873
3.56201
3.70948
4.30964
6.09301
10.9702
14.3692
---------------------------------------------------


TNFAIP3:
0.0162338
0.0742567
0.117212
0.133855
0.145264
0.387055
0.447684
0.503075
0.520714
0.980092
1.38537
1.61485
1.95987
2.08296
14.7137
18.102
---------------------------------------------------


PROM1:
0.0
0.00475942
0.0125934
0.0250641
0.0358339
0.0405198
0.0552172
0.0726196
0.11048
0.121568
0.122277
0.159725
0.165888
1.16477
2.02418
---------------------------------------------------


CD44:
3.09535
6.21997
6.86697
7.11013
7.72948
8.91059
19.374
21.1992
22.0833
22.3446
22.5626
24.2001
24.5069
25.9443
34.213
---------------------------------------------------


