OLIG2:
0.849611
7.68798
8.53011
11.1
12.584
13.7915
14.5603
14.5712
14.6614
15.5781
16.213
24.7154
27.5327
40.112
---------------------------------------------------


PDPN:
0.0550113
0.0971284
0.101162
0.122718
0.145071
0.204055
0.383748
0.52225
1.37012
4.12549
6.08844
6.31003
6.59698
7.9236
7.99778
---------------------------------------------------


POSTN:
0.0707596
0.317098
0.400651
0.428455
0.515884
0.655132
0.84208
0.846145
1.33619
1.58687
9.21864
12.1608
19.5926
21.8704
---------------------------------------------------


MECOM:
0.100982
0.15928
0.160159
0.165618
0.173814
0.249286
0.265349
0.286303
0.349447
0.460608
---------------------------------------------------


EZH2:
0.246071
0.342768
0.485864
0.493442
1.26139
2.01195
4.32253
6.74208
8.14943
8.32589
10.2155
13.5168
17.4256
32.1811
---------------------------------------------------


HIF1A:
1.33484
1.41519
1.6341
2.29793
2.67679
2.88033
3.45963
4.01042
6.24001
7.24224
8.68426
10.072
10.3282
24.9
---------------------------------------------------


BIRC5:
0.0393726
0.0634827
0.065446
0.0681579
0.0767005
0.0770475
0.117178
0.150254
1.02881
1.6848
1.71118
1.88602
1.9464
2.15703
---------------------------------------------------


ID1:
3.17763
4.14515
5.03207
5.17538
5.17715
5.78116
6.25132
7.69856
8.30509
11.1168
12.3852
13.1164
28.527
29.6385
---------------------------------------------------


ID2:
4.40933
4.85532
4.91962
5.42243
8.82297
10.9685
13.0813
15.7984
16.9828
17.3939
20.9078
32.4379
55.118
68.3535
---------------------------------------------------


IGFBP2:
0.367534
1.79254
1.86508
2.07047
2.07687
2.15837
3.48194
3.87853
4.60591
7.43873
8.24955
11.0504
15.0402
16.1912
---------------------------------------------------


ITGA6:
0.550209
0.938895
1.14643
1.21978
1.30746
1.68135
1.79607
2.13246
2.1736
3.28879
3.74499
4.72963
6.29173
7.67547
---------------------------------------------------


DANCR:
0.779107
0.910823
1.14246
1.96675
2.16595
2.19106
3.88457
3.90062
4.09206
4.12024
6.53677
6.89002
8.19412
11.3244
22.4055
---------------------------------------------------


MET:
0.0324405
0.0447571
0.0512623
0.100372
0.101147
0.121128
0.137174
0.229578
0.235401
0.263389
0.327767
0.57108
1.23706
1.76066
---------------------------------------------------


MYC:
0.0874404
1.40729
1.51782
2.75107
5.5629
5.67924
7.58761
7.62392
10.1436
10.8295
14.1834
15.7217
22.2332
29.1888
---------------------------------------------------


NOS2:
1.05309
1.28291
1.37982
1.45287
1.6696
1.79724
1.93969
2.36218
2.98372
3.01521
3.1321
4.47268
11.1312
20.7154
---------------------------------------------------


PDGFRA:
0.80296
2.08979
2.34943
3.34455
3.42563
3.77719
4.59808
5.79962
6.00322
6.00577
7.47325
8.97654
9.15404
15.1821
---------------------------------------------------


PI3:
0.0844771
0.104497
0.130433
0.160186
0.450759
0.499695
0.504418
0.580656
0.612752
0.642881
0.854016
0.896404
1.12054
1.95596
4.11677
---------------------------------------------------


TGFBR2:
0.565864
0.775798
0.859152
0.982601
1.38822
1.95895
2.09152
2.20979
2.22853
2.69918
2.72787
3.20332
3.34325
7.26746
---------------------------------------------------


TNFAIP3:
0.10298
0.125726
0.162302
0.172872
0.225446
0.245238
0.287191
0.328964
0.419106
0.452848
0.472772
0.551353
0.716187
0.840497
---------------------------------------------------


PROM1:
0.0863686
0.133138
0.150132
0.157093
0.193835
0.234249
0.252312
0.363619
0.428494
0.456907
0.464696
0.498955
0.63915
1.0508
---------------------------------------------------


CD44:
0.164342
1.09101
1.57729
1.97854
2.97174
4.52193
4.53445
5.70258
6.28912
6.6404
9.03422
16.2714
20.909
29.8737
---------------------------------------------------


