OLIG2:
1.33557
2.67152
3.25902
3.54987
11.6503
21.1098
---------------------------------------------------


PDPN:
0.0
0.860842
1.00337
1.34394
1.66611
2.99977
---------------------------------------------------


POSTN:
0.921798
1.05139
1.59365
2.85275
7.41238
8.86417
---------------------------------------------------


MECOM:
0.787229
2.36962
4.4572
---------------------------------------------------


EZH2:
0.933117
1.68817
1.98086
2.84129
9.52235
10.5588
---------------------------------------------------


HIF1A:
0.799853
0.992305
3.96764
6.33142
7.39985
9.57819
---------------------------------------------------


BIRC5:
0.136603
0.152908
0.315249
0.484921
0.53823
11.6385
---------------------------------------------------


ID1:
1.51483
3.00683
3.46213
4.6231
6.17044
6.87046
---------------------------------------------------


ID2:
0.405959
2.91853
4.24662
9.03947
14.5801
23.6747
---------------------------------------------------


IGFBP2:
6.74286
7.10683
16.4797
21.6241
37.6046
48.4844
---------------------------------------------------


ITGA6:
1.43761
2.73099
2.83335
4.63194
9.28462
9.72542
---------------------------------------------------


DANCR:
0.157417
1.32684
1.54513
2.70284
3.48711
6.83404
---------------------------------------------------


MET:
0.0481248
0.152374
0.824701
1.01581
1.78324
2.99805
7.73846
---------------------------------------------------


MYC:
9.26714
9.60185
12.8347
13.17
13.4091
21.4125
---------------------------------------------------


NOS2:
1.70432
4.3033
5.27887
6.58407
7.24945
10.2769
---------------------------------------------------


PDGFRA:
1.07239
1.93291
1.95686
2.42004
2.94651
5.73082
---------------------------------------------------


PI3:
0.046396
0.133006
0.251226
2.5726
3.13921
4.27388
---------------------------------------------------


TGFBR2:
2.28447
5.46051
7.11993
7.88494
7.94949
23.8011
---------------------------------------------------


TNFAIP3:
0.0
0.538389
0.92825
1.45853
2.82684
4.16277
---------------------------------------------------


PROM1:
0.160234
0.495318
0.616035
0.738056
0.804257
3.69458
---------------------------------------------------


CD44:
0.0
0.969997
4.93419
10.6706
10.7461
16.3781
---------------------------------------------------


LPAR6:
0.0
---------------------------------------------------


LYVE1:
0.199088
---------------------------------------------------


C12orf75:
0.0
---------------------------------------------------


PPAP2A:
0.0
---------------------------------------------------


GPC6:
0.374991
---------------------------------------------------


