MECOM:
0.00704346
0.0111299
0.0153533
0.0168483
0.022653
0.03094
0.042393
0.0784099
0.141295
0.15362
0.73737
---------------------------------------------------


OLIG2:
2.12815
2.65625
2.88745
3.7661
4.89168
4.92051
6.50014
6.5229
6.98105
6.99799
7.16284
8.10037
8.31102
8.35736
9.6487
11.2429
---------------------------------------------------


PDPN:
0.280512
0.474623
0.572585
0.613702
0.805784
1.09217
1.55548
1.80622
1.93307
2.19386
2.41231
3.2542
4.54131
4.68339
6.77428
8.52422
---------------------------------------------------


POSTN:
0.0503873
0.0540383
0.0743343
0.0974218
0.1054
0.113326
0.130708
0.19156
0.204912
0.278097
0.296851
0.323049
0.342199
0.433252
0.707183
0.877017
---------------------------------------------------


EZH2:
0.971589
1.1584
1.16768
1.3391
1.39534
1.41225
1.54677
1.91472
2.33441
2.42841
2.47823
2.59028
3.30021
3.30547
6.3084
8.64818
---------------------------------------------------


HIF1A:
0.33862
0.416421
0.465475
0.471769
0.475196
0.651802
0.803134
0.837464
0.849806
0.996647
1.0534
1.2295
1.50202
1.69367
1.82891
3.88359
---------------------------------------------------


BIRC5:
0.0772692
0.0794839
0.0824416
0.112817
0.123035
0.15153
0.190682
0.217502
0.22568
0.353727
0.366748
0.42423
0.534361
0.540064
0.542438
0.660509
---------------------------------------------------


ID1:
0.165394
0.334741
0.438283
0.51217
0.541127
0.547146
0.562602
0.588789
0.608664
0.615005
0.700315
0.734583
0.934159
0.956897
1.03014
1.69282
---------------------------------------------------


ID2:
4.94931
5.26663
5.3264
6.95217
7.83951
8.00813
8.5283
9.87295
10.3463
11.3772
12.131
12.3598
12.4016
13.2874
13.8997
14.7334
---------------------------------------------------


IGFBP2:
6.08433
7.29415
7.5388
7.77432
8.22861
9.15664
9.17213
9.35836
9.79459
9.89989
10.2862
10.2942
11.4289
11.7434
14.4687
15.0205
---------------------------------------------------


ITGA6:
0.179742
0.305407
0.332094
0.364062
0.383677
0.430614
0.458863
0.50817
0.515893
0.565999
0.57909
0.602403
0.656081
1.27085
1.31075
1.90973
---------------------------------------------------


DANCR:
0.0687517
0.0894987
0.105561
0.112726
0.130558
0.144407
0.156753
0.183176
0.192727
0.240185
0.317603
0.355233
0.358971
0.514579
0.613598
0.646911
---------------------------------------------------


MET:
0.00297307
0.00769483
0.00950742
0.0129523
0.013363
0.0158749
0.0166287
0.0167866
0.0314012
0.0380065
0.0579914
0.0585939
0.0818635
0.10651
0.106534
0.116098
---------------------------------------------------


MYC:
0.450765
0.459471
1.0699
1.1012
1.64384
2.29647
2.44182
2.48366
2.73509
3.17915
3.49117
4.47898
4.94263
6.36546
7.9685
12.4128
---------------------------------------------------


NOS2:
0.0572535
0.199843
0.201783
0.218946
0.300545
0.393487
0.52881
0.557304
0.558572
0.564427
0.608866
1.1218
1.58499
1.60698
2.06055
2.31107
---------------------------------------------------


PDGFRA:
2.34552
2.96924
3.20714
3.77153
4.82106
4.96509
4.96989
5.25282
5.72603
7.46715
8.62203
8.96382
9.01604
10.6476
10.7749
11.8838
---------------------------------------------------


PI3:
0.00774858
0.0107954
0.0181621
0.0406739
0.0628442
0.0829139
0.0999676
0.11303
0.141168
0.141675
0.143169
0.149044
0.161441
0.22168
0.268158
0.424455
---------------------------------------------------


TGFBR2:
0.0608776
0.114326
0.134764
0.145546
0.223987
0.236242
0.259291
0.283013
0.315282
0.373996
0.38556
0.395764
0.50137
0.738091
1.86961
2.38369
---------------------------------------------------


TNFAIP3:
0.0690458
0.0812199
0.0916733
0.0994517
0.12456
0.142985
0.155537
0.164735
0.169611
0.199575
0.223924
0.223976
0.265723
0.34964
0.390789
0.646228
---------------------------------------------------


PROM1:
0.0964449
0.104596
0.110127
0.11992
0.142588
0.181926
0.188885
0.266306
0.479721
0.550638
0.586082
0.690974
0.778504
0.877043
3.08694
3.97869
---------------------------------------------------


CD44:
1.39613
1.70426
1.89769
2.38865
2.42949
2.5055
2.60921
2.63142
2.69324
2.78545
3.51804
4.03472
4.27609
5.02888
5.24003
5.50039
---------------------------------------------------


