OLIG2:
4.49847
5.2171
6.98725
7.13013
7.25
7.89213
8.46047
8.88342
10.47
12.667
12.6813
13.8216
14.6539
15.7014
21.7849
21.8345
25.1256
---------------------------------------------------


PDPN:
0.00942172
0.0107261
0.0258131
0.0292198
0.0320512
0.0371539
0.0383365
0.0514538
0.076703
0.132553
0.154321
0.205679
0.23119
0.387378
0.581228
1.3008
13.9273
---------------------------------------------------


POSTN:
0.161352
0.194615
0.197283
0.227584
0.266508
0.288747
0.333671
0.369302
0.40157
0.442186
0.489375
0.562606
0.612387
0.81329
0.837191
1.13089
12.7539
---------------------------------------------------


MECOM:
0.0018491
0.00390674
0.00570997
0.00704427
0.00756088
0.00976277
0.0107918
0.0127338
0.0223439
0.0230445
0.0251189
0.122804
0.137661
0.175292
0.186051
0.409193
0.719648
0.799377
1.0041
1.12534
1.14496
1.27073
1.2725
1.27507
9.15111
---------------------------------------------------


EZH2:
2.71149
3.11431
3.13936
4.36125
4.44991
4.60016
4.91251
5.13413
5.42613
5.55494
5.92893
6.10462
7.02651
7.41547
9.64082
15.6188
---------------------------------------------------


HIF1A:
0.336865
1.25717
2.31482
2.53915
7.5749
7.74472
7.96818
8.82036
10.5982
11.1136
11.332
11.6455
12.1642
12.4358
19.69
21.6761
36.1837
---------------------------------------------------


BIRC5:
1.52184
1.82428
2.15087
3.26475
3.30754
3.46726
4.08115
4.2142
5.21275
5.25491
5.49024
6.36479
6.69292
7.04924
7.75413
9.29133
---------------------------------------------------


ID1:
6.44354
7.42983
9.56052
10.2666
10.3113
10.4548
11.0552
11.1728
11.6233
12.7586
13.0723
13.3703
13.6256
14.508
14.7411
18.8967
---------------------------------------------------


ID2:
2.27638
3.0614
3.41228
6.74474
8.13841
8.60114
9.05707
12.3163
12.8619
13.4718
13.9093
14.1493
15.2146
17.5453
21.658
34.2121
---------------------------------------------------


IGFBP2:
1.81266
2.35872
3.72885
6.23614
7.28959
7.6474
8.65108
9.02679
9.14247
9.26901
10.0148
10.4286
10.8267
11.7829
12.282
13.3211
14.6991
47.8782
---------------------------------------------------


ITGA6:
0.969312
1.26733
2.81681
2.96987
3.11998
3.38593
3.40771
4.0122
4.1801
4.26282
4.39891
4.99594
5.53001
7.44141
7.57737
18.9843
---------------------------------------------------


DANCR:
0.606586
0.762552
1.05402
1.09867
1.55963
1.56785
1.61864
1.75127
2.66965
2.91568
3.60925
3.77642
4.21355
4.29312
4.48426
4.70225
---------------------------------------------------


MET:
0.0766116
0.0916595
0.109858
0.139542
0.359922
0.4118
0.524076
0.696909
0.795069
0.859609
0.983579
1.05247
1.13633
1.16381
1.35158
1.38298
---------------------------------------------------


MYC:
4.56728
6.15317
7.0581
7.49488
7.82718
8.18673
9.3739
10.1834
10.7288
10.7565
10.9987
11.7411
12.5664
12.851
13.9519
18.5961
20.3605
---------------------------------------------------


NOS2:
0.228192
0.275723
0.453041
0.598818
0.917647
1.05899
1.10521
1.12581
1.13652
1.21328
1.26854
1.56858
2.44612
2.77953
5.01186
5.40376
---------------------------------------------------


PDGFRA:
0.176964
0.975527
0.9987
1.34575
1.35618
1.72765
1.73788
2.22871
3.11478
3.25173
3.28531
4.38184
5.13488
5.70586
6.0116
10.7211
15.9228
---------------------------------------------------


PI3:
0.0179541
0.0236894
0.0486188
0.0570036
0.0750626
0.148673
0.165553
0.171227
0.231157
0.27382
0.279659
0.565671
0.590575
0.610518
0.623113
1.68831
---------------------------------------------------


TGFBR2:
0.0422942
1.45388
1.56701
1.89761
2.53631
2.68042
4.45449
4.60359
4.6344
5.09326
5.19815
5.61594
7.19295
7.56395
9.16823
11.0959
19.2707
---------------------------------------------------


TNFAIP3:
0.352623
0.784813
0.847899
2.18914
2.56437
3.9063
4.27695
4.4377
5.56906
6.03191
6.99025
7.34436
7.77361
8.4111
8.68016
9.67888
11.9081
---------------------------------------------------


PROM1:
0.703657
1.03222
1.27396
1.31112
1.59625
1.99535
2.7221
2.81933
2.9065
3.2859
3.68624
3.6927
3.81171
4.69393
6.37839
7.87528
8.55775
---------------------------------------------------


CD44:
4.31268
5.87643
6.24759
10.8178
12.225
13.5748
14.8142
15.777
16.1994
17.1998
17.5937
17.9695
19.714
20.7681
21.1901
24.6722
36.1261
---------------------------------------------------


