OLIG2:
7.7737
10.2384
12.7993
13.3754
13.9328
14.184
14.9292
15.4025
15.4218
15.4911
16.6716
17.7733
18.1073
19.8894
---------------------------------------------------


PDPN:
3.03178
6.9884
8.51092
10.4265
11.1888
12.5751
13.3579
14.4885
18.5659
19.0608
19.1755
20.5978
24.1866
24.7823
26.1489
---------------------------------------------------


POSTN:
0.707993
1.41194
3.60439
3.95326
4.5078
5.23826
6.75841
7.48657
16.0366
18.8079
21.5347
21.85
21.9088
25.0126
---------------------------------------------------


MECOM:
0.527254
1.26011
1.61288
2.63142
3.34282
3.97786
4.40168
4.76562
5.98612
6.03802
---------------------------------------------------


EZH2:
4.44654
6.84021
7.67594
8.63145
8.69831
9.92865
10.8232
11.516
11.7092
13.2913
13.3601
14.6666
14.7665
16.6611
---------------------------------------------------


HIF1A:
14.3311
19.0635
21.5244
21.7319
22.5249
25.2878
28.9451
29.1756
31.0119
31.8251
32.8355
38.0015
39.8517
54.2958
---------------------------------------------------


BIRC5:
1.08667
1.17123
1.51654
1.75112
2.26607
3.28338
3.45734
3.61982
3.82124
3.96426
4.35669
5.01134
5.11085
5.39955
---------------------------------------------------


ID1:
8.45085
16.322
17.3335
17.6296
17.6381
19.4559
19.6355
21.9886
23.1645
23.332
28.8896
30.0299
31.0433
31.3115
45.1388
---------------------------------------------------


ID2:
17.2281
18.9758
22.1598
24.8672
26.7341
26.8524
33.64
34.8123
36.4239
38.2156
38.3694
38.7314
45.7767
51.9272
---------------------------------------------------


IGFBP2:
28.4008
30.1967
31.7638
40.2676
43.9203
47.381
49.1368
56.5922
57.6166
60.4009
61.5241
64.855
69.1532
73.7854
---------------------------------------------------


ITGA6:
1.51372
1.93341
1.97639
2.37298
2.40457
2.8808
2.92943
3.07564
3.17133
3.31779
3.40048
3.45157
4.38086
4.69421
---------------------------------------------------


DANCR:
1.69602
2.07074
3.00088
3.03729
3.52378
4.06254
4.51979
4.65419
5.40303
5.48606
5.5049
6.185
7.72867
24.0081
---------------------------------------------------


MET:
0.448556
0.651397
0.779087
0.832335
0.888637
0.98537
1.03203
1.04003
1.11476
1.17763
1.37382
1.66182
2.06671
2.12021
2.92316
4.85715
---------------------------------------------------


MYC:
6.9497
9.51059
10.0247
10.1521
15.3353
16.2814
16.3213
17.429
18.3466
19.9626
21.9334
25.7912
28.4905
33.601
---------------------------------------------------


NOS2:
2.60777
3.64897
3.92337
4.05568
5.47804
5.77243
6.40898
7.02965
7.50612
8.59492
10.7269
13.2223
13.4144
16.6179
---------------------------------------------------


PDGFRA:
6.37347
6.70362
10.0466
10.0578
10.319
11.4157
11.9242
12.0134
13.3278
15.0044
16.3104
16.3645
16.7088
16.8685
---------------------------------------------------


PI3:
0.789555
1.51588
1.85499
1.91557
2.18158
3.07217
3.44276
4.61135
4.65772
5.2919
5.31865
6.40523
6.6881
11.0105
---------------------------------------------------


TGFBR2:
6.63722
7.03206
7.78901
9.06603
9.30623
9.75598
10.4942
10.9089
11.9132
12.5154
13.4967
15.1814
15.8826
20.076
22.5717
23.743
---------------------------------------------------


TNFAIP3:
1.44848
1.58909
3.51604
4.33628
4.45064
4.76324
5.08346
5.32799
6.88418
7.54761
8.68688
8.83357
11.2242
12.6196
---------------------------------------------------


PROM1:
1.49377
2.2148
2.47624
2.5228
2.55466
2.65358
2.79381
2.81191
3.02633
3.10492
3.20032
3.47758
3.55197
3.67307
---------------------------------------------------


CD44:
14.3284
16.7452
22.024
25.0152
26.8884
28.0009
29.3651
30.7856
31.4527
38.5569
40.8333
46.5552
58.3936
73.2626
---------------------------------------------------


