MECOM:
0.805843
0.845726
0.986413
1.27234
1.39902
1.52503
1.62224
1.79966
2.06209
3.83426
7.1424
---------------------------------------------------


OLIG2:
7.61823
7.83784
10.5284
16.6876
16.8547
18.3377
19.7675
19.8313
22.4708
28.1861
---------------------------------------------------


PDPN:
12.946
15.5339
18.089
21.1075
25.2311
29.9915
30.5574
34.5269
35.0675
43.7398
---------------------------------------------------


POSTN:
0.638788
0.804156
1.44427
2.18208
2.4387
2.83814
4.76435
6.40997
11.9616
12.5192
---------------------------------------------------


EZH2:
8.90475
11.2391
13.3169
14.3579
14.4651
16.0872
16.8923
19.4365
21.6988
23.2664
---------------------------------------------------


HIF1A:
7.45255
10.4558
16.704
20.1763
22.0341
23.2107
27.1436
29.0771
32.6003
33.0213
---------------------------------------------------


BIRC5:
1.14423
1.34859
2.40033
2.42288
3.27307
3.41275
3.90018
4.11988
4.13071
4.64274
---------------------------------------------------


ID1:
8.94672
9.97676
17.1783
17.2719
17.4585
20.2058
20.217
23.6408
25.1995
28.1144
---------------------------------------------------


ID2:
22.181
22.2486
23.8257
25.9819
29.9239
30.5855
34.3958
38.8061
48.6675
54.1099
---------------------------------------------------


IGFBP2:
20.606
24.9113
29.6068
30.8442
32.9328
38.2621
41.2294
42.9352
44.7897
56.2955
---------------------------------------------------


ITGA6:
3.57174
3.82878
4.46179
5.11816
6.43941
7.37258
8.37183
9.37359
9.49944
10.2337
---------------------------------------------------


DANCR:
2.40602
3.28534
3.49293
4.10736
4.27973
4.66587
5.25004
5.36075
5.75495
11.5317
---------------------------------------------------


MET:
1.24931
1.48511
1.59134
1.73988
1.74284
1.89391
2.23984
2.63854
3.14565
3.25371
3.33254
4.99844
---------------------------------------------------


MYC:
5.18093
9.10776
9.23089
14.5809
16.9095
17.582
18.4501
19.7899
33.1636
36.2231
---------------------------------------------------


NOS2:
1.72309
2.04098
4.20726
5.17964
5.39178
6.99875
7.14554
9.22617
11.6705
14.866
---------------------------------------------------


PDGFRA:
6.28069
10.1979
14.0014
14.2567
17.6157
17.8378
17.8689
21.0348
21.9457
22.8986
---------------------------------------------------


PI3:
1.54954
5.30663
9.49623
9.90337
10.9783
11.5655
16.4737
17.5359
20.8248
22.1629
64.0942
---------------------------------------------------


TGFBR2:
4.07811
4.62542
5.01466
5.51933
5.88591
6.94897
6.96334
7.07807
7.94347
8.41147
8.60096
9.09394
12.336
---------------------------------------------------


TNFAIP3:
3.44132
5.27822
5.43336
5.84757
8.42609
9.58507
11.3012
14.0934
14.4204
21.5345
---------------------------------------------------


PROM1:
0.894587
1.30247
1.3568
1.62484
1.64694
2.05473
2.2343
2.62204
2.63454
2.91028
---------------------------------------------------


CD44:
25.8753
25.9372
29.7321
30.127
30.855
32.182
38.0204
39.4978
40.8382
42.6077
---------------------------------------------------


