OLIG2:
3.173
3.81307
4.58775
5.55691
5.7593
6.42439
6.67253
7.37253
7.5944
8.34943
8.89704
9.23749
10.9788
11.9539
15.5389
18.1313
---------------------------------------------------


PDPN:
9.62134
10.2472
10.2624
10.3353
10.5521
11.5609
11.9238
14.5735
15.1563
21.8516
22.5712
22.6502
24.5306
26.0785
37.2136
37.2882
48.4723
---------------------------------------------------


POSTN:
0.771191
0.994906
1.68023
1.98194
2.33981
2.34167
2.63407
2.97113
3.21645
4.05867
4.25785
5.69563
5.80722
5.88615
7.50145
8.64205
10.8414
---------------------------------------------------


MECOM:
0.144934
0.194112
0.272494
0.301751
0.325315
0.407522
0.844966
1.08108
1.25935
1.59564
1.79711
2.16836
---------------------------------------------------


EZH2:
1.49109
1.50123
1.54579
1.55112
1.58159
1.59562
1.82915
2.08839
2.24157
2.48116
2.77519
2.95863
3.82667
4.8138
5.1813
5.95455
---------------------------------------------------


HIF1A:
1.92351
1.94112
2.24591
2.29727
3.38497
3.48184
4.10995
4.19119
6.07854
6.34165
6.65953
9.35043
9.44395
10.864
12.2568
28.9937
---------------------------------------------------


BIRC5:
0.125275
0.135393
0.137305
0.190358
0.235246
0.275238
0.275848
0.280483
0.281092
0.385529
0.388003
0.470108
0.59938
0.630071
1.44524
1.56089
---------------------------------------------------


ID1:
1.21137
2.75304
3.06303
3.19854
4.31276
4.7253
4.96508
4.96566
5.67441
6.81051
7.94176
9.54654
9.66111
11.5604
15.3141
18.8542
25.7406
---------------------------------------------------


ID2:
1.12245
1.65862
4.32702
6.46018
7.43094
7.88687
9.43142
10.1091
11.1176
16.0177
16.3729
17.9737
18.9006
19.6293
33.3727
36.9866
---------------------------------------------------


IGFBP2:
0.592438
4.50019
5.35615
14.9196
16.1719
16.8007
17.3266
17.489
18.9293
26.1345
27.9481
28.2119
32.2968
35.3193
41.3872
44.4444
---------------------------------------------------


ITGA6:
0.494544
0.500124
0.587312
0.640932
0.652243
0.700291
0.807287
0.831205
0.906204
1.01284
1.01619
1.12908
1.54061
2.15586
2.50714
3.64608
---------------------------------------------------


DANCR:
0.382597
0.520151
0.52611
0.554937
0.605519
0.656265
0.674186
0.839628
1.3942
1.40859
1.48906
1.56713
1.91261
2.42075
2.66557
3.59328
---------------------------------------------------


MET:
0.0362885
0.0802601
0.0972094
0.108209
0.112093
0.114126
0.17334
0.222366
0.404458
0.421151
0.437366
0.638861
1.01908
1.11389
2.677
4.7957
---------------------------------------------------


MYC:
6.5336
7.92302
8.78183
9.52768
9.88102
11.5338
11.628
12.1247
12.1384
12.2641
16.2097
18.5631
20.1238
20.2065
21.9432
26.3476
---------------------------------------------------


NOS2:
0.515732
0.595332
0.992451
1.0305
1.16271
1.45019
1.51085
1.64442
1.70081
1.8941
2.10129
2.78644
4.74821
4.8173
6.59586
7.71324
---------------------------------------------------


PDGFRA:
7.92347
8.21914
8.43022
9.17451
10.3196
10.7249
11.1739
12.5078
13.4336
13.4987
13.6925
14.8708
15.019
18.2554
43.9438
47.4625
---------------------------------------------------


PI3:
0.13593
0.267757
0.294113
0.326814
0.531264
0.614318
0.652087
1.07251
1.5061
1.54535
1.62294
1.64524
2.13761
2.50462
2.67392
6.87689
---------------------------------------------------


TGFBR2:
0.685643
0.786542
0.934589
1.51108
1.52182
1.60256
1.63068
1.89424
2.37227
2.38855
2.5486
2.78316
3.44424
4.03797
4.41129
9.04715
---------------------------------------------------


TNFAIP3:
0.167929
0.257902
0.330649
0.38031
0.585991
0.617027
0.636584
0.761103
0.984919
1.13947
1.24867
1.88603
1.96695
2.94369
2.98864
4.46223
---------------------------------------------------


PROM1:
1.72457
2.10045
2.11895
2.45361
2.79736
2.84955
3.17124
3.66511
3.82018
4.11457
4.5408
4.59547
5.10051
5.1645
5.53503
8.70569
---------------------------------------------------


CD44:
5.80821
11.6666
12.8993
12.9264
16.2098
17.1029
17.723
19.2445
19.3794
21.5279
21.7714
22.5854
25.1331
35.2804
38.6801
45.4012
---------------------------------------------------


