OLIG2:
7.70025
8.61912
10.9668
12.1395
15.0357
16.2416
16.9477
19.2813
20.9191
20.9259
28.9135
30.9193
---------------------------------------------------


PDPN:
1.19972
1.85445
2.56536
2.59295
5.25762
5.92589
6.22034
7.38643
9.04059
9.14294
9.60488
10.5196
---------------------------------------------------


POSTN:
3.01854
4.84788
5.89293
6.00031
6.78937
8.10974
9.6918
10.3994
10.8746
12.9852
15.3968
22.3723
---------------------------------------------------


EZH2:
1.32581
2.63978
3.18962
3.31753
3.41054
4.20831
4.53415
4.97044
5.81084
5.90825
8.6878
14.5156
---------------------------------------------------


HIF1A:
12.1758
14.7418
19.9729
20.7056
21.5037
22.3214
22.424
28.1233
32.0512
34.3881
37.3024
42.9059
---------------------------------------------------


BIRC5:
0.20421
0.428559
0.691257
0.691766
0.788922
0.902098
1.06342
1.12115
1.23758
1.33881
2.0032
2.16018
---------------------------------------------------


ID1:
12.5904
13.4407
16.0208
17.8534
18.3652
18.9905
23.8997
26.4801
27.0794
27.4004
31.1091
32.9566
42.1309
---------------------------------------------------


ID2:
7.58536
12.1257
12.681
14.2077
15.6721
16.0366
16.3686
18.4368
19.1556
20.0034
23.0254
30.6504
---------------------------------------------------


IGFBP2:
11.3045
17.4934
19.6921
19.8108
24.458
24.5502
25.3934
27.3667
30.7709
31.2773
33.4291
38.9352
---------------------------------------------------


ITGA6:
1.28478
1.82554
1.98
4.27199
4.68504
4.8552
4.87396
4.89629
5.42575
5.46819
5.68406
6.49338
---------------------------------------------------


DANCR:
0.348837
0.401095
0.46208
0.713971
0.770535
1.07212
1.63936
2.3364
2.75561
3.51562
4.80816
8.61546
---------------------------------------------------


MET:
0.138319
0.33992
0.394205
0.500493
0.585199
0.624799
0.624845
0.711475
1.51197
1.59242
1.59593
2.21031
---------------------------------------------------


MYC:
16.8865
19.5482
20.1386
23.0539
23.5528
23.7457
26.9252
28.6721
31.0297
31.2837
37.8313
40.7896
---------------------------------------------------


NOS2:
1.46726
4.78063
4.79786
6.68524
8.5235
8.94231
9.53172
10.0004
10.3361
11.9961
17.671
18.8896
---------------------------------------------------


PDGFRA:
2.04111
2.81399
3.13502
3.19642
3.31237
4.98375
5.12163
5.19962
5.78999
7.10472
11.8828
12.5595
---------------------------------------------------


PI3:
0.386648
0.623631
0.676413
0.79757
1.10013
1.23371
1.98225
2.16059
2.36399
3.90356
4.38019
6.95914
---------------------------------------------------


TGFBR2:
3.5129
4.21124
5.45919
5.75725
6.89995
6.91133
7.45469
8.59264
8.89643
9.5158
9.97271
10.9182
13.5776
---------------------------------------------------


TNFAIP3:
0.474307
0.648733
1.64334
1.68587
2.00757
3.53611
3.57766
4.24606
4.7679
4.88338
6.78042
11.4214
---------------------------------------------------


PROM1:
1.2924
1.60051
1.63388
4.00591
4.18423
4.20204
4.20673
4.98444
6.05086
7.58078
7.58561
10.5093
---------------------------------------------------


CD44:
11.9504
19.969
20.4245
21.194
23.4472
26.2446
26.7977
31.3452
39.5936
40.7411
46.6735
49.5642
---------------------------------------------------


