OLIG2:
11.1488
12.3337
18.2633
28.9367
31.9105
32.0878
33.7714
41.0799
42.0877
47.7376
48.0218
52.5258
---------------------------------------------------


PDPN:
0.179958
0.773075
1.89856
2.22922
2.81544
4.51414
4.84105
8.02222
17.8644
17.9526
21.9049
29.6384
---------------------------------------------------


POSTN:
1.95713
2.20764
5.31459
6.46632
7.43106
7.80995
9.94974
16.8195
17.6461
22.7471
23.9361
24.4745
---------------------------------------------------


MECOM:
0.065568
0.18759
0.263734
0.654988
0.861592
1.42718
2.02759
2.46956
3.08894
4.6002
---------------------------------------------------


EZH2:
2.356
5.41813
11.3451
14.0876
17.6989
18.0354
19.695
20.9739
22.9961
28.7685
29.4296
32.0684
---------------------------------------------------


HIF1A:
5.36302
5.94811
21.1117
24.0932
33.9423
36.0572
37.832
37.8645
44.4106
47.4812
54.4149
60.5614
---------------------------------------------------


BIRC5:
0.0635516
0.0786931
0.36301
0.379588
0.415903
0.683246
0.779945
0.802652
0.82267
1.91321
2.14689
7.55145
---------------------------------------------------


ID1:
5.55858
5.68491
6.99562
7.25578
9.22448
12.133
14.4882
14.9244
17.0731
18.2402
22.1691
24.8564
---------------------------------------------------


ID2:
8.0067
8.03361
27.5148
28.2768
30.0772
30.4038
31.1329
31.232
32.1283
32.2886
38.1902
39.6567
---------------------------------------------------


IGFBP2:
7.10177
10.8284
34.0537
38.4139
42.3216
45.1717
47.3072
54.2997
60.3782
64.8447
68.7125
70.929
---------------------------------------------------


ITGA6:
0.7309
1.6686
4.60231
4.68055
5.21999
5.96337
6.80657
7.10465
7.144
8.21221
10.022
11.1925
---------------------------------------------------


DANCR:
2.90762
10.305
11.8165
12.392
13.1693
14.4231
14.8156
15.8035
17.1986
18.6646
22.7307
25.4042
---------------------------------------------------


MET:
0.169933
0.227544
0.712403
1.47317
1.84482
2.34047
2.81545
2.87896
3.5839
4.07803
5.26952
8.32899
---------------------------------------------------


MYC:
15.0869
22.4233
25.7939
26.5382
26.7512
35.144
36.0799
39.5548
42.9755
43.7278
55.9257
61.0552
---------------------------------------------------


NOS2:
1.34638
1.69834
8.13086
13.0265
15.2441
15.9259
21.3603
21.483
23.0094
26.296
27.1029
30.6002
---------------------------------------------------


PDGFRA:
6.07107
7.12502
9.90308
10.5265
12.3443
13.0451
15.2187
18.3778
20.2987
20.8763
23.0311
25.6935
33.8137
---------------------------------------------------


PI3:
0.133684
0.243242
5.19567
6.33321
9.2749
10.4449
10.4961
11.5511
13.7535
13.996
16.2329
16.9054
---------------------------------------------------


TGFBR2:
1.39748
2.61414
5.12037
8.30831
13.7298
14.2755
14.4608
15.7924
15.9178
16.796
17.5969
32.7013
---------------------------------------------------


TNFAIP3:
0.794688
0.96033
1.73008
2.20902
3.37588
3.37855
5.20715
5.7336
5.93955
6.36278
7.5378
8.13325
---------------------------------------------------


PROM1:
1.18665
1.74503
1.9655
1.98187
2.67178
3.13516
3.39174
3.48526
3.90756
3.97341
5.01683
6.87848
11.2589
---------------------------------------------------


CD44:
18.5733
27.5428
35.5627
43.6715
48.0226
48.4734
50.4588
52.7143
56.0848
56.1378
63.5508
69.1286
---------------------------------------------------


