OLIG2:
7.80021
7.82531
8.32874
8.36191
10.3803
10.9106
11.7853
12.0077
12.4013
12.4948
13.9107
15.0238
15.2374
15.7855
27.8554
36.048
---------------------------------------------------


PDPN:
9.1311
9.74683
12.2528
12.9702
13.776
13.8178
14.5644
16.5748
18.8622
23.3318
23.9894
24.3481
28.9254
29.6707
35.1334
42.9993
53.3099
---------------------------------------------------


POSTN:
0.536487
0.905908
1.37713
1.37923
2.0
2.03236
2.25143
2.74386
3.10484
3.90526
4.64516
5.8816
6.54166
6.8989
7.06204
9.47809
17.7403
---------------------------------------------------


MECOM:
0.153527
0.176507
0.276375
0.434033
0.459246
0.866868
0.960616
1.19863
1.89965
1.91914
2.59326
2.91922
---------------------------------------------------


EZH2:
1.74494
2.00338
2.07513
2.2639
2.30686
2.58687
2.88363
3.15012
3.66032
3.84606
4.42543
4.43466
4.45851
4.56261
5.60016
7.85094
---------------------------------------------------


HIF1A:
1.90917
1.92975
2.13117
2.62246
2.7685
3.45119
4.63754
5.40952
6.30024
7.12815
7.6699
9.20645
12.6362
17.1307
19.873
43.4651
---------------------------------------------------


BIRC5:
0.120158
0.242114
0.266877
0.345757
0.360044
0.375044
0.396955
0.517749
0.563388
0.5942
0.697817
0.946292
0.986571
1.08888
1.35869
1.42148
---------------------------------------------------


ID1:
1.28346
1.45389
2.19841
2.87759
3.22052
3.71458
3.86407
4.7655
6.21237
6.45449
9.71934
14.5336
17.3569
20.925
25.0911
29.3346
48.0346
---------------------------------------------------


ID2:
0.679701
2.50086
5.50257
7.53231
8.75248
9.65435
9.8057
10.0677
11.2081
14.1302
14.3308
15.8354
23.7619
26.638
42.6514
50.7836
---------------------------------------------------


IGFBP2:
3.21092
4.5333
6.4261
13.8184
14.3556
14.4889
15.9062
16.0304
17.8892
17.9287
18.9677
28.0127
28.9579
33.5303
35.8566
49.8583
---------------------------------------------------


ITGA6:
0.480578
0.674554
0.71577
0.824722
0.84537
0.904825
1.0518
1.28333
1.34459
1.63243
2.05977
2.20986
3.01144
3.79329
3.8823
7.62367
---------------------------------------------------


DANCR:
0.224459
0.311073
0.355065
0.408316
0.535968
0.610723
0.639225
0.711485
0.743952
1.45194
1.49111
1.51573
2.53483
2.5759
3.79229
4.03098
---------------------------------------------------


MET:
0.0442209
0.0788159
0.0867086
0.0965231
0.113461
0.114496
0.115383
0.120107
0.350287
0.712003
0.950113
1.06396
1.15808
1.17528
5.95323
8.42684
---------------------------------------------------


MYC:
6.30218
7.19448
7.28707
7.47763
7.68365
9.06019
9.13396
9.36254
14.0405
14.1295
15.0798
16.5737
22.3992
22.9076
23.1048
23.6964
---------------------------------------------------


NOS2:
0.425987
0.531571
0.587427
1.00321
1.20569
1.28562
1.55003
1.81762
1.83944
2.10473
2.29903
3.51634
4.36564
6.4415
6.87702
7.82401
---------------------------------------------------


PDGFRA:
8.95509
9.8216
11.8617
11.8646
12.4658
12.8736
17.3802
18.1866
19.4835
20.0423
20.628
22.6878
24.0957
29.7409
60.907
76.4569
---------------------------------------------------


PI3:
0.14139
0.141741
0.224105
0.279092
0.423498
0.456607
0.478
0.609454
0.627215
0.631824
1.19245
1.64342
1.70984
2.60057
3.08607
10.7727
---------------------------------------------------


TGFBR2:
0.940701
1.13547
1.3212
1.3273
1.45158
2.14477
2.47208
2.53967
2.7004
2.73762
3.32
3.7845
5.08255
6.03136
7.42651
10.919
---------------------------------------------------


TNFAIP3:
0.13196
0.208407
0.228539
0.288694
0.332389
0.445484
0.541787
0.564346
0.664693
0.728566
0.778376
1.38091
1.69761
1.95144
3.96397
6.42165
---------------------------------------------------


PROM1:
2.16219
2.36044
2.47561
2.85957
3.09802
3.11209
3.41171
3.42165
3.74946
4.74167
5.84299
5.87016
6.63339
7.3633
7.7602
11.5091
---------------------------------------------------


CD44:
9.97664
11.3281
11.5954
13.3543
13.6233
15.346
15.4994
17.3067
17.6992
19.3029
23.9411
30.2434
32.7585
34.8142
49.1001
61.657
---------------------------------------------------


