OLIG2:
0.75061
1.68845
2.52025
5.02042
6.08499
6.814
9.09926
9.31152
10.5874
13.0275
15.5777
19.2526
23.258
26.2793
---------------------------------------------------


PDPN:
1.57727
3.93486
5.79307
7.49405
8.76747
8.7794
8.88246
9.24074
10.4285
11.1941
12.1594
13.0943
17.4218
19.2833
---------------------------------------------------


POSTN:
0.36817
1.04505
1.93972
2.74926
2.86117
2.96555
4.36542
6.00357
6.31775
7.02115
8.96991
10.6517
10.9395
19.1281
---------------------------------------------------


EZH2:
0.997836
1.24773
1.76989
2.03638
2.11729
2.51961
3.50054
3.68882
4.95358
5.58079
6.64359
6.85765
9.95957
10.3685
---------------------------------------------------


HIF1A:
1.04356
2.23906
8.24641
11.6995
16.5611
17.285
18.4204
19.3767
19.8858
20.0002
21.5524
22.8841
31.5482
32.0037
---------------------------------------------------


BIRC5:
0.0519133
0.118265
0.150926
0.190059
0.203129
0.22886
0.286551
0.436339
0.543946
0.736828
0.766787
0.915918
0.937777
1.08092
---------------------------------------------------


ID1:
3.34818
6.82668
7.4392
12.1862
12.3367
13.0914
14.2609
18.9252
21.5827
24.5294
25.0559
26.8735
27.0093
29.7994
42.8541
---------------------------------------------------


ID2:
2.81279
3.98744
4.25359
6.17976
14.5292
14.7966
14.9757
18.0286
18.9098
21.3109
22.2858
23.0263
23.4135
26.3863
---------------------------------------------------


IGFBP2:
2.93815
8.44382
9.27927
9.66361
15.9197
17.0193
20.5157
20.7635
25.2898
25.9968
28.0329
29.3206
29.3291
32.7245
---------------------------------------------------


ITGA6:
0.0373494
0.270843
0.423329
0.94904
1.08133
1.2765
2.14981
2.207
2.2176
2.6301
4.08166
4.7339
5.06206
7.45784
---------------------------------------------------


DANCR:
0.0208775
0.0422172
0.378823
0.584899
1.03886
1.28338
1.40377
1.50798
1.94613
1.99742
2.04987
3.66455
4.97349
6.66505
---------------------------------------------------


MET:
0.266279
0.482098
0.569482
0.651367
0.691094
0.774881
0.91296
1.09198
1.17302
1.25196
1.57879
1.87462
2.38659
2.75623
---------------------------------------------------


MYC:
4.04976
10.2343
11.212
13.9511
15.2306
19.4659
20.4472
20.6329
23.3539
24.4062
26.6357
31.303
35.4786
37.5881
---------------------------------------------------


NOS2:
0.888592
1.04293
3.72651
3.91657
4.61246
4.8204
6.36414
6.48304
6.62971
7.1043
8.73631
9.40989
12.3242
15.0357
---------------------------------------------------


PDGFRA:
0.190459
0.613313
1.43937
1.44468
1.63139
1.65006
2.20719
2.95563
3.02192
3.2457
5.40325
5.57053
5.93288
6.36859
---------------------------------------------------


PI3:
0.412981
0.876423
0.992517
1.25593
1.3335
2.94971
3.30699
4.28483
4.66639
5.16972
6.01208
6.34227
7.24238
8.78859
---------------------------------------------------


TGFBR2:
0.746825
1.44087
2.23379
2.35472
3.08776
3.85358
4.2109
5.70386
5.92896
6.17494
6.52923
7.49009
8.46654
8.9852
11.6496
---------------------------------------------------


TNFAIP3:
0.500002
0.762868
1.06476
1.10493
1.24995
2.9096
2.92866
3.12508
3.74943
4.72715
6.39119
6.41299
6.44743
6.9077
---------------------------------------------------


PROM1:
0.465299
1.95121
2.26897
3.0996
3.14135
3.38451
3.74932
4.48879
4.91225
5.25189
5.34474
7.21159
8.5151
8.59595
---------------------------------------------------


CD44:
1.20962
5.65451
14.3784
15.3654
17.632
18.1306
22.9908
23.6099
24.7944
26.7691
27.1859
31.2402
44.9459
47.1819
---------------------------------------------------


