BIRC5:
0.0123158
0.0158082
0.0252189
0.0491058
0.0597759
0.0997617
0.101741
0.103898
0.111874
0.117313
0.165791
0.245439
0.249341
0.286336
0.356568
0.909173
1.46772
10.1228
---------------------------------------------------


DANCR:
0.0389302
0.0878813
0.123462
0.129175
0.146309
0.147782
0.227953
0.256157
0.542217
0.728372
0.791598
1.14544
1.22468
1.61235
1.91195
2.63496
3.90714
12.5327
---------------------------------------------------


CD44:
0.119243
0.287251
0.436034
1.06163
1.69462
1.78718
1.79834
1.91294
2.18119
4.191
4.39774
4.57683
4.7762
7.11365
13.0757
20.1606
30.5483
46.146
---------------------------------------------------


MECOM:
0.0424357
0.172486
0.176902
0.22626
0.29146
0.292516
0.53318
0.551454
0.749536
0.753594
1.79751
2.03408
2.50501
---------------------------------------------------


EZH2:
0.26417
0.316344
0.339594
0.391191
0.474034
0.501786
0.504391
0.554149
0.560527
0.560948
0.59645
0.652724
0.70516
0.731606
0.752451
1.23056
12.9238
27.1392
---------------------------------------------------


HIF1A:
0.0241577
0.199505
0.305941
0.33331
0.395247
0.448189
0.732495
1.02429
1.07642
1.65002
1.79814
1.82436
2.95791
3.29808
3.80425
4.29151
6.00763
26.6798
---------------------------------------------------


ID1:
0.140377
0.247406
0.325695
0.400816
0.458358
0.500092
0.528464
0.533131
0.939059
0.954753
1.13272
1.18238
1.45612
1.56024
1.67415
3.68396
7.17851
23.202
---------------------------------------------------


ID2:
2.56261
2.82676
4.26195
5.02293
5.54793
5.9043
5.91642
7.35847
8.06159
8.67017
9.35812
10.8278
11.5686
13.0061
13.7084
15.3577
15.686
35.9794
---------------------------------------------------


IGFBP2:
4.12505
5.07667
5.46916
8.48665
8.62749
8.64334
9.7757
10.576
11.7095
12.4251
13.5235
14.2996
15.208
16.4002
21.391
21.5939
22.4457
23.0261
23.8965
---------------------------------------------------


ITGA6:
0.0718418
0.222974
0.335315
0.375781
0.396291
0.894472
0.97523
0.991314
1.0133
1.16102
1.24247
1.62768
1.85069
2.12698
3.33692
4.90893
21.3559
32.7252
---------------------------------------------------


MET:
0.0193301
0.0199165
0.0255141
0.0265624
0.0265913
0.0374255
0.0402223
0.0479484
0.0563179
0.0684988
0.0733288
0.106091
0.131597
0.14136
0.151971
0.273872
0.748354
0.942927
3.88592
4.53086
---------------------------------------------------


OLIG2:
1.22469
1.88457
2.15074
3.3931
3.56218
3.68068
5.03893
5.6168
7.39039
7.45948
8.63128
10.8603
13.8733
15.0906
15.8243
17.9605
24.5376
36.8605
---------------------------------------------------


PDPN:
0.0807351
0.110887
0.443847
0.530393
0.543637
0.551291
0.584127
0.74116
0.955929
1.39417
2.10187
2.2171
2.45732
2.74408
3.05328
5.69925
10.7331
27.4377
---------------------------------------------------


POSTN:
0.0617421
0.0789395
0.0947614
0.122878
0.134155
0.145826
0.20074
0.216461
0.313029
0.327995
0.434891
0.473517
0.545719
0.670752
0.752748
1.9555
2.05777
2.21333
---------------------------------------------------


MYC:
0.125355
0.357183
0.457344
0.518463
0.572449
0.786334
1.28671
1.61795
2.09453
2.26483
2.50768
2.51174
2.70997
2.98548
3.05036
5.00556
7.78209
26.9967
---------------------------------------------------


NOS2:
0.093921
0.121517
0.138268
0.250358
0.262372
0.447633
0.501811
0.57123
0.582085
0.758607
1.1321
1.36628
1.5356
1.69116
3.55201
3.97443
5.55211
9.66649
---------------------------------------------------


PDGFRA:
0.351653
0.370996
0.578101
0.651422
0.899458
1.07773
1.25884
1.44076
1.44788
2.00971
2.17497
2.72023
2.82671
3.11275
3.6625
5.99189
21.4274
23.2135
---------------------------------------------------


PI3:
0.024543
0.0268297
0.0466349
0.0676024
0.0678829
0.071062
0.136968
0.139925
0.142444
0.211853
0.215584
0.219103
0.675514
1.50351
1.76452
2.20961
3.82914
6.0221
9.37254
---------------------------------------------------


TGFBR2:
0.291923
0.293024
0.310331
0.532195
0.565558
0.660375
0.671111
0.724141
0.758292
0.803242
0.859787
0.914494
0.949569
1.00805
1.32497
1.373
5.02965
6.61005
9.36321
14.5954
---------------------------------------------------


TNFAIP3:
0.037544
0.051843
0.0840919
0.097259
0.100691
0.116882
0.12874
0.163048
0.195371
0.210742
0.232518
0.239402
0.427766
0.760285
1.5469
1.73612
4.02589
13.5734
---------------------------------------------------


PROM1:
0.135918
0.182755
0.230015
0.332771
0.555099
0.711882
0.793318
1.39257
2.12783
2.378
5.97084
7.21216
9.42865
9.82633
16.8868
18.0673
41.4006
45.5604
---------------------------------------------------


