PDPN:
0.254596
0.298915
1.00774
1.11051
12.878
21.0001
26.125
33.3175
43.4004
---------------------------------------------------


PI3:
0.484094
0.909807
0.943584
1.19679
1.20892
2.76925
4.02112
5.13755
13.0005
---------------------------------------------------


TGFBR2:
3.74203
3.89247
6.39649
8.86318
9.46576
10.1932
12.7846
21.5568
24.8585
---------------------------------------------------


CD44:
12.621
13.1704
16.5814
23.9372
24.7334
25.9236
50.6663
55.313
63.4258
---------------------------------------------------


