OLIG2:
4.50007
5.20824
5.62182
5.88194
5.93158
6.06671
6.40864
7.76897
7.87199
8.00055
8.14977
10.9541
11.1172
12.0987
---------------------------------------------------


PDPN:
4.98587
5.41943
5.86621
7.01812
7.85422
7.89374
9.13839
9.26893
9.77882
10.0669
10.1751
10.8332
11.7956
12.1359
---------------------------------------------------


POSTN:
1.8478
2.86251
2.99649
3.5988
4.29371
4.38009
4.70114
4.89967
5.36287
5.85364
6.18246
6.39474
6.56359
8.83606
---------------------------------------------------


MECOM:
0.124061
0.359918
0.473498
0.811224
0.931894
0.975711
0.991671
1.09338
1.25492
2.87218
---------------------------------------------------


EZH2:
6.02345
6.21867
7.57971
7.84086
8.62483
9.07874
9.61086
10.5346
10.5672
10.8675
13.7616
16.0751
16.5378
17.8312
---------------------------------------------------


HIF1A:
6.62898
9.09755
9.31072
10.2896
10.8434
11.8183
12.5212
13.449
15.0382
15.5644
15.9647
17.5977
18.145
20.1174
---------------------------------------------------


BIRC5:
0.852354
1.04773
1.14596
1.33037
1.55849
1.56952
1.71153
2.2481
2.87364
3.54827
3.72064
3.92988
4.63266
6.23776
---------------------------------------------------


ID1:
4.01507
4.09932
4.13593
4.17007
4.26642
4.64999
5.52067
5.62136
5.63831
5.83573
6.07096
7.37695
9.34777
11.1092
---------------------------------------------------


ID2:
6.0646
6.97462
7.44257
7.68787
8.23522
9.78319
9.82123
11.4476
11.9826
12.8034
14.5381
15.2455
16.3442
20.4561
---------------------------------------------------


IGFBP2:
4.61133
7.63374
7.89945
8.51529
8.64209
9.11037
9.11072
10.0546
11.3262
12.3285
13.4387
15.0851
18.1451
21.2937
---------------------------------------------------


ITGA6:
1.45248
1.70118
1.81849
1.96299
2.95765
2.95926
2.98831
3.36762
3.45502
3.70259
4.33007
4.6544
4.67308
6.17499
8.19251
---------------------------------------------------


DANCR:
0.232906
0.481621
0.581915
0.582186
0.847494
0.916052
0.97205
0.975877
1.0379
1.1021
1.21962
1.69367
2.37436
2.4134
---------------------------------------------------


MET:
0.0426317
0.0455099
0.0692991
0.074633
0.0750344
0.0829547
0.10845
0.138569
0.20033
0.214025
0.27814
0.358931
0.373043
0.424129
---------------------------------------------------


MYC:
2.02308
2.58093
2.63921
3.13885
3.25137
3.27494
3.71496
3.92328
4.42391
4.55978
4.71103
4.745
9.78319
10.1888
---------------------------------------------------


NOS2:
0.510233
0.528022
0.861111
0.950404
1.18249
1.2572
1.2703
1.4771
1.64252
1.71854
2.63667
2.99039
3.67335
5.82825
---------------------------------------------------


PDGFRA:
4.75488
6.59647
8.02839
8.35918
8.66397
9.44294
9.6337
9.95187
10.7423
12.3663
12.6051
12.6327
12.6796
14.9232
---------------------------------------------------


PI3:
0.035307
0.201049
0.228626
0.236914
0.284721
0.379908
0.4745
0.614123
0.683313
0.751631
0.790828
0.91385
1.31106
4.54961
---------------------------------------------------


TGFBR2:
1.72177
1.92071
2.63863
2.64548
3.03547
3.21773
4.18489
4.24567
4.29786
5.22371
5.48722
5.67882
7.24491
7.37485
---------------------------------------------------


TNFAIP3:
0.439439
0.503109
0.666397
0.843359
0.870057
0.871892
0.935618
1.02167
1.22785
1.2902
1.33126
1.62118
1.63281
2.82399
---------------------------------------------------


PROM1:
1.0959
2.08133
3.38764
4.26207
4.35139
4.37687
4.72848
5.47711
5.62264
5.86048
6.63046
7.4488
8.25754
8.30849
10.5733
---------------------------------------------------


CD44:
9.53553
10.6745
11.509
12.9648
13.1869
14.5841
15.2973
15.6727
15.8549
17.1709
17.3779
17.6669
18.7703
18.7942
23.4756
---------------------------------------------------


