OLIG2:
1.11192
2.15797
4.57755
4.95606
5.72476
14.8751
---------------------------------------------------


PDPN:
0.060166
0.149291
0.173792
0.263164
1.09709
2.25642
---------------------------------------------------


POSTN:
0.13997
0.163759
0.208357
0.220927
0.312424
0.427484
---------------------------------------------------


MECOM:
0.235197
0.505949
0.86402
---------------------------------------------------


EZH2:
3.38674
3.64958
4.74099
5.10211
7.14658
8.4355
---------------------------------------------------


HIF1A:
0.623073
2.03449
2.04048
2.66834
12.6105
21.25
---------------------------------------------------


BIRC5:
0.233735
0.296294
0.326457
0.592833
1.0183
3.02155
---------------------------------------------------


ID1:
0.95405
1.25705
1.30454
2.22814
2.6334
3.82278
---------------------------------------------------


ID2:
1.52356
3.87474
6.56807
7.83846
8.36145
15.7687
---------------------------------------------------


IGFBP2:
0.0992363
1.04166
1.65458
5.78809
5.81131
6.62821
---------------------------------------------------


ITGA6:
0.190428
0.460542
0.696539
0.965351
2.69165
2.91739
---------------------------------------------------


DANCR:
0.233022
0.239874
0.69792
0.860458
1.32386
1.85596
---------------------------------------------------


MET:
0.0848505
0.383398
0.479588
0.505123
0.519494
1.01411
---------------------------------------------------


MYC:
0.860165
2.45045
3.41802
4.05321
4.64662
12.6451
---------------------------------------------------


NOS2:
0.441216
0.978821
2.0014
2.29286
2.99935
3.14136
---------------------------------------------------


PDGFRA:
6.02473
6.27395
11.8231
17.0052
20.1445
21.0492
---------------------------------------------------


PI3:
0.114482
0.140665
0.270486
0.325175
0.443562
1.32588
---------------------------------------------------


TGFBR2:
0.406266
0.481394
0.687532
4.97842
7.73961
12.1772
---------------------------------------------------


TNFAIP3:
0.108052
0.222636
0.228956
0.429718
0.737342
1.19916
---------------------------------------------------


PROM1:
0.155782
0.202143
0.821103
1.01886
1.10801
2.17174
---------------------------------------------------


CD44:
6.12989
8.19341
11.5199
11.9648
19.3248
22.9677
---------------------------------------------------


