OLIG2:
11.8809
12.7357
23.4825
24.0054
25.9711
30.1377
---------------------------------------------------


PDPN:
0.59337
0.678303
1.24192
1.53654
11.4955
13.8356
---------------------------------------------------


POSTN:
6.85916
8.67578
9.18578
11.0003
11.6389
17.8377
---------------------------------------------------


MECOM:
0.158944
0.300613
1.17445
---------------------------------------------------


EZH2:
0.283587
3.95342
5.2702
5.82264
6.70158
7.86209
---------------------------------------------------


HIF1A:
2.6081
9.23264
10.2662
18.3257
20.245
23.9182
---------------------------------------------------


BIRC5:
0.62615
0.910827
1.20647
1.41757
1.45553
2.22786
---------------------------------------------------


ID1:
3.99684
8.54003
14.6199
14.7918
14.9529
22.8517
---------------------------------------------------


ID2:
14.0638
14.4558
17.8592
19.168
21.5471
21.9763
---------------------------------------------------


IGFBP2:
12.6466
17.1588
23.5325
30.1382
31.5261
40.1211
---------------------------------------------------


ITGA6:
1.53545
1.95575
3.98792
4.13052
4.42624
8.78985
---------------------------------------------------


DANCR:
0.0573471
0.734817
0.777794
0.82906
2.24924
3.59216
---------------------------------------------------


MET:
0.47038
0.904047
1.13213
1.59665
1.81647
3.92762
---------------------------------------------------


MYC:
21.9988
24.4968
25.4811
29.7961
33.9526
46.996
---------------------------------------------------


NOS2:
0.902083
4.53993
10.8689
11.5928
11.7897
17.9199
---------------------------------------------------


PDGFRA:
0.840349
2.44677
3.35076
3.62964
3.84648
6.59075
---------------------------------------------------


PI3:
0.0706849
0.145742
0.83263
1.21271
1.99547
4.71537
---------------------------------------------------


TGFBR2:
1.92994
4.25649
4.58788
7.34978
10.7257
15.6625
---------------------------------------------------


TNFAIP3:
0.165213
0.244843
0.462169
0.570719
4.52957
5.56644
---------------------------------------------------


PROM1:
2.03916
3.39744
3.99246
4.85988
4.91515
5.03684
---------------------------------------------------


CD44:
9.17687
13.6729
13.9217
19.522
21.8071
28.0489
---------------------------------------------------


