OLIG2:
1.33124
5.75674
5.93201
6.44454
8.14265
9.29336
10.5549
13.0642
14.6655
16.4365
16.87
18.4544
20.2371
22.2975
23.8692
28.486
28.8791
---------------------------------------------------


PDPN:
0.304805
0.331104
0.422721
0.443477
0.557694
0.993753
1.07373
1.3932
1.5606
2.02068
2.20015
2.6077
4.39575
5.62501
7.66842
8.01251
8.55648
---------------------------------------------------


POSTN:
0.593129
1.09033
3.04871
3.11869
3.57151
4.78463
5.37619
6.12906
6.65521
7.24294
7.29197
10.485
11.72
12.7962
13.0812
14.6695
17.6215
---------------------------------------------------


MECOM:
0.0230083
0.0255793
0.0292346
0.0354609
0.0510621
0.059152
0.0761447
0.0827403
4.60006
5.45858
---------------------------------------------------


EZH2:
0.207792
0.359561
0.427839
0.735874
0.787997
1.29145
1.31545
1.49586
2.46245
2.60901
4.00327
7.48394
7.65071
9.92231
11.9624
14.3865
32.8755
---------------------------------------------------


HIF1A:
0.245639
0.39931
0.520205
1.05222
1.16681
1.38639
3.01841
3.16717
4.70336
6.24344
6.97684
8.67362
11.8337
14.4736
14.5501
16.9989
30.7744
---------------------------------------------------


BIRC5:
0.0167024
0.0586216
0.11079
0.110925
0.144742
0.215418
0.26428
0.270498
0.285597
0.847341
1.01898
1.56905
2.10749
2.26879
2.49152
6.86625
20.4388
---------------------------------------------------


ID1:
0.17566
0.223044
0.428084
0.465064
0.644221
0.73004
0.771512
1.26237
1.40114
1.44296
2.02597
2.19694
4.21007
4.77746
4.89701
7.59004
8.09429
---------------------------------------------------


ID2:
0.0168082
0.0407429
0.0523128
0.0543784
0.140409
0.159791
0.285393
0.48011
1.39649
1.97109
2.12887
2.65252
3.56768
3.81691
5.06753
5.42546
31.2041
---------------------------------------------------


IGFBP2:
3.46199
5.46985
5.62357
6.11656
8.00026
10.6851
12.5811
12.7306
13.1773
14.334
15.4423
16.7469
19.6249
20.6329
26.1599
32.6952
35.5953
---------------------------------------------------


ITGA6:
0.0484951
0.151604
0.156793
0.320302
0.46826
0.532087
0.683352
0.701981
0.998639
1.41169
1.42692
1.79863
2.5859
2.72034
3.10613
5.10465
18.1045
---------------------------------------------------


DANCR:
0.0817407
0.0849441
0.0882384
0.137276
0.180567
0.235195
0.284476
0.330207
0.39318
0.47111
0.503089
0.658327
0.70941
0.890831
1.07568
1.25967
7.12454
---------------------------------------------------


MET:
0.0102405
0.0127503
0.0166227
0.0201499
0.0206425
0.0215597
0.023167
0.0340005
0.106813
0.150418
0.245123
0.280067
0.504018
0.624105
0.762032
1.26413
1.26707
2.39982
---------------------------------------------------


MYC:
2.78225
3.01383
3.28606
3.83872
4.25753
5.39201
5.53314
6.22687
6.55634
6.63835
6.66084
6.81772
7.69445
8.05032
8.81649
14.9093
32.8426
---------------------------------------------------


NOS2:
0.226971
0.243159
0.326664
0.336273
0.360221
0.377343
0.38179
0.429329
0.674071
0.706765
0.865515
1.25274
1.32488
1.66215
2.19891
2.69631
8.66597
---------------------------------------------------


PDGFRA:
0.137617
0.150568
0.260599
0.292338
0.446224
0.596784
0.651581
0.749384
1.00808
1.10537
1.22198
1.3322
2.194
2.67801
3.55613
5.35601
5.48105
---------------------------------------------------


PI3:
0.0678818
0.0849891
0.122241
0.145347
0.184094
0.186288
0.194875
0.218072
0.330927
0.375261
0.611585
0.706128
0.914756
1.16481
1.21036
2.09056
7.69307
---------------------------------------------------


TGFBR2:
0.0735806
0.0762185
0.175985
0.193577
0.214125
0.278113
0.390157
0.543322
0.565502
0.652287
0.929277
1.82701
2.29091
2.69619
2.90743
2.99977
12.2923
13.3078
---------------------------------------------------


TNFAIP3:
0.0152624
0.0307099
0.0541045
0.0611533
0.0744426
0.0916959
0.0989502
0.10469
0.105672
0.145563
0.200123
0.251066
0.278871
0.357561
0.555176
0.673446
3.98739
---------------------------------------------------


PROM1:
0.0534127
0.0722412
0.129676
0.137269
0.157795
0.170347
0.253505
0.288184
0.509997
0.603791
0.813794
0.901222
1.09892
1.25169
2.33426
3.66069
17.4778
---------------------------------------------------


CD44:
1.17883
1.3534
1.75568
1.99775
2.10373
2.27686
3.97383
7.69559
10.8454
11.0173
11.1944
11.6304
19.2126
20.839
22.6874
28.0784
31.5001
---------------------------------------------------


