OLIG2:
23.0604
24.8127
26.2119
27.3407
32.8919
34.8398
36.8726
37.1261
38.842
38.9696
40.317
41.513
54.0473
58.9915
---------------------------------------------------


PDPN:
0.608793
0.937535
1.68913
1.72101
1.76758
2.20425
2.75907
3.4685
3.77047
3.92947
3.99497
4.13705
5.87244
7.16334
---------------------------------------------------


POSTN:
0.352829
0.646548
0.656736
0.874677
1.21576
1.30646
1.65746
1.65946
1.72311
1.94014
3.19114
3.22818
4.20221
6.04097
---------------------------------------------------


EZH2:
1.33735
2.29735
2.35327
2.55196
3.71665
3.84603
3.95398
3.98753
4.58088
4.61428
5.27371
5.63619
6.4145
6.76632
---------------------------------------------------


HIF1A:
12.0881
12.2946
16.4593
21.405
24.1158
26.8205
27.4705
31.6982
32.1885
35.8435
37.0253
38.9813
41.9549
44.6973
---------------------------------------------------


BIRC5:
0.519725
0.584924
0.713553
0.986602
1.04683
1.44318
1.65591
1.75694
1.91403
2.01869
2.11243
3.14271
3.28156
3.34427
---------------------------------------------------


ID1:
1.14985
1.60811
1.62125
1.79386
1.82163
2.10469
2.17082
2.19437
2.21159
3.17166
3.37782
3.96142
4.01882
6.27108
---------------------------------------------------


ID2:
4.52224
5.70781
7.6693
7.7294
8.32875
9.65782
9.74643
10.6933
12.1753
12.1921
12.5146
14.1275
16.0498
20.2992
---------------------------------------------------


IGFBP2:
10.8379
19.8181
25.9048
27.5316
29.6525
31.4404
31.4542
33.1457
37.5986
39.4383
39.9441
42.5815
47.036
48.2261
---------------------------------------------------


ITGA6:
0.508195
0.547113
0.63954
0.850891
1.02591
1.22606
1.25805
1.32491
2.30815
2.39773
3.65153
3.94559
4.3498
4.84854
---------------------------------------------------


DANCR:
0.888411
1.18062
1.69025
2.33259
2.47774
2.97032
3.17597
3.42191
3.6069
3.75726
4.87601
4.94619
4.98576
4.99577
---------------------------------------------------


MET:
0.0151608
0.026251
0.0395319
0.0429618
0.0528612
0.0592016
0.0736365
0.118995
0.122255
0.123805
0.125705
0.137836
0.148172
0.154322
---------------------------------------------------


MYC:
7.11402
10.9734
12.3438
13.8292
14.2451
14.3409
19.3929
19.6749
20.795
21.8989
28.8011
33.0587
33.2878
35.0248
---------------------------------------------------


NOS2:
1.79679
3.22601
3.65694
3.66041
3.78711
3.88704
5.88164
5.94468
6.42407
6.81274
7.20992
7.46059
8.5956
11.0239
---------------------------------------------------


PDGFRA:
0.928355
1.69136
1.80913
2.0987
2.17141
3.08556
3.16554
3.22557
3.46858
3.88794
4.30669
5.65084
6.18711
9.10253
---------------------------------------------------


PI3:
0.102271
0.171726
0.22731
0.271509
0.285759
0.296165
0.31503
0.346209
0.70661
0.838433
1.00719
2.30527
2.42569
2.68538
---------------------------------------------------


TGFBR2:
1.81395
1.95809
3.55622
4.4727
4.50518
5.01524
5.08986
5.4157
7.63188
9.21546
11.3291
12.357
16.4174
16.6763
---------------------------------------------------


TNFAIP3:
0.0674944
0.116199
0.161074
0.181075
0.200648
0.267489
0.288218
0.315894
0.356453
0.684163
0.685735
0.807823
0.852521
1.06886
---------------------------------------------------


PROM1:
0.147872
0.163331
0.296754
0.358386
0.365153
0.513364
0.856936
0.916374
1.16741
1.19038
1.75738
2.38293
3.05946
3.93851
---------------------------------------------------


CD44:
6.93968
7.7987
11.4515
14.618
21.0928
26.446
27.5873
28.4958
28.9685
29.0526
32.9732
35.9398
36.993
47.5747
---------------------------------------------------


