OLIG2:
25.1338
26.6483
33.2757
37.1483
38.861
49.7984
---------------------------------------------------


PDPN:
2.21315
6.01926
6.08069
6.61655
8.86577
15.8409
---------------------------------------------------


POSTN:
2.24428
3.07533
9.27303
10.6451
17.0429
18.3231
---------------------------------------------------


MECOM:
0.354823
0.420362
0.910692
1.51913
---------------------------------------------------


EZH2:
6.28075
10.3377
11.3808
18.5955
22.6038
25.6647
---------------------------------------------------


HIF1A:
3.52318
7.09001
9.26243
10.0859
13.3136
28.4626
---------------------------------------------------


BIRC5:
0.939631
2.0409
2.37083
2.37705
2.95208
4.99735
---------------------------------------------------


ID1:
4.88509
5.64299
7.04082
12.5931
14.4691
16.385
---------------------------------------------------


ID2:
26.3381
27.6084
37.8383
39.0195
51.1761
52.9034
---------------------------------------------------


IGFBP2:
26.0741
30.6273
33.1579
42.235
43.5078
63.0404
---------------------------------------------------


ITGA6:
2.66834
3.80002
4.45043
5.96455
6.6797
7.02316
---------------------------------------------------


DANCR:
1.43123
2.07184
5.03624
6.0274
6.0475
6.06903
---------------------------------------------------


MET:
0.622426
0.667678
1.50402
1.73722
2.02076
2.60916
---------------------------------------------------


MYC:
3.43433
5.95582
8.01771
10.4911
12.2723
18.6811
---------------------------------------------------


NOS2:
5.03528
6.22957
9.03343
15.6139
15.9887
19.1959
---------------------------------------------------


PDGFRA:
0.905191
1.62599
3.03053
4.17709
5.00845
5.05516
---------------------------------------------------


PI3:
0.851625
0.867691
0.873737
2.02673
2.12621
3.67784
---------------------------------------------------


TGFBR2:
1.49729
2.80757
3.50679
4.34444
5.49223
5.98872
9.6748
---------------------------------------------------


TNFAIP3:
0.330601
0.799967
0.800671
1.22591
2.73448
9.12415
---------------------------------------------------


PROM1:
0.483914
0.494037
0.651553
0.957479
1.06644
1.44809
---------------------------------------------------


CD44:
32.9173
33.9752
35.1173
35.9267
45.2499
49.1381
---------------------------------------------------


