OLIG2:
0.576767
1.52803
1.66071
1.74934
2.92618
3.34388
3.42655
3.71003
3.79035
3.84676
3.98776
4.16106
4.24713
4.70763
4.93154
7.46646
---------------------------------------------------


PDPN:
7.65774
9.69529
11.1583
12.8839
16.3254
21.5832
22.8836
27.5032
28.2795
29.5262
32.2672
33.0656
34.5077
35.2427
35.3418
36.1293
39.3501
---------------------------------------------------


POSTN:
0.392462
0.722144
0.731919
1.31796
1.90567
2.0307
2.05561
2.0822
2.99513
3.92754
4.17662
4.43859
6.18397
7.17638
9.03489
9.96944
26.6272
---------------------------------------------------


MECOM:
0.00892435
0.0100138
0.0224578
0.0362742
0.0542097
0.0684008
0.0813173
0.105516
0.159536
0.286705
0.30213
0.422824
---------------------------------------------------


EZH2:
3.09897
3.22167
3.46514
5.56453
6.63012
6.98756
7.28481
7.52399
7.99038
8.39683
9.72123
9.95874
10.3685
10.4314
16.9765
17.2511
---------------------------------------------------


HIF1A:
1.53357
5.42891
6.52468
8.64597
10.7065
12.7823
13.8974
14.2852
15.0505
15.5028
17.3807
18.2081
19.734
22.2396
26.7251
29.6813
32.0904
---------------------------------------------------


BIRC5:
0.0124549
0.0134153
0.0322381
0.167412
0.204178
0.345068
0.376002
0.385722
0.678989
0.802563
0.818629
0.892907
1.02945
1.07442
1.08229
1.49645
---------------------------------------------------


ID1:
0.294002
0.368603
0.618933
1.02453
1.08163
1.34785
1.80965
2.01932
3.43921
4.22081
4.99082
7.24824
8.83862
11.9333
11.9557
13.5761
---------------------------------------------------


ID2:
4.59612
4.80007
5.99851
6.96961
7.9373
10.267
11.7068
13.6054
13.998
17.3226
18.8059
19.4001
21.6438
23.4487
25.0857
34.8366
---------------------------------------------------


IGFBP2:
25.3022
28.1298
29.2135
29.7223
31.8242
32.4387
34.2757
35.5662
35.7344
36.1208
36.5901
37.6076
37.6804
40.4444
40.6854
40.7336
---------------------------------------------------


ITGA6:
0.210787
0.240601
0.268066
0.287418
0.348377
0.392683
0.421526
0.570806
0.603386
0.879682
0.926988
1.08368
1.35267
1.45411
1.54301
3.05019
---------------------------------------------------


DANCR:
0.166146
0.391242
2.05951
2.45237
2.47084
2.85286
3.05922
3.36484
3.88182
3.95558
4.40617
4.45411
4.47308
5.77472
6.09706
6.3278
---------------------------------------------------


MET:
0.0770534
0.0775958
0.0932562
0.105875
0.135583
0.228815
0.310837
0.314799
0.316978
0.760141
0.874927
1.0024
1.30066
1.36592
1.78034
1.93668
---------------------------------------------------


MYC:
10.4028
11.293
11.6397
12.6857
13.091
14.2268
14.3124
15.0156
18.909
20.9488
21.9025
23.1646
23.2631
26.0574
27.5689
29.9793
33.691
---------------------------------------------------


NOS2:
0.0373399
0.780841
1.07297
1.12876
1.20298
1.50946
1.77589
2.22094
2.28672
2.39257
2.55346
2.56766
2.91555
3.70677
6.0404
6.33847
---------------------------------------------------


PDGFRA:
0.849528
0.924097
1.14088
1.19321
1.32751
1.39894
1.74082
1.89213
1.96986
2.08819
2.49161
2.50273
2.65816
2.87518
2.98389
5.07122
---------------------------------------------------


PI3:
0.149872
0.299172
0.432426
0.43654
0.476741
0.516422
0.707225
0.922808
0.927342
1.00174
1.03613
1.38236
1.4947
1.5726
1.92427
2.66816
---------------------------------------------------


TGFBR2:
0.546828
1.03833
1.30977
1.32688
1.34848
1.59075
2.08459
2.50636
2.71864
2.82751
3.05865
3.6559
3.68343
4.90339
4.90506
5.71287
---------------------------------------------------


TNFAIP3:
0.355754
0.458913
0.839322
0.878285
1.06524
1.12218
1.23342
1.72357
1.85967
1.89295
2.47662
2.51971
5.17161
5.24537
6.07515
6.22374
---------------------------------------------------


PROM1:
0.219152
0.460258
0.646296
0.757859
0.900536
1.31704
1.43011
1.45713
1.97675
2.15458
2.16164
2.22029
2.28192
3.05013
3.06478
4.36517
---------------------------------------------------


CD44:
12.22
13.3018
14.8475
14.8565
15.4124
16.8652
17.6506
18.8235
22.4988
24.8659
25.6574
25.7654
28.1979
29.1751
33.3829
35.9684
---------------------------------------------------


