OLIG2:
1.31733
6.86766
7.7021
9.5509
9.99911
10.0687
10.0724
11.4326
12.7573
13.346
14.3854
15.2046
19.87
22.1757
25.7226
32.7389
42.273
---------------------------------------------------


PDPN:
0.0335078
0.0335937
0.0390446
0.0481872
0.0602459
0.0994597
0.154876
0.457641
0.481186
0.585183
0.600843
0.610768
0.749898
0.791927
1.00438
1.26198
1.63425
9.3965
---------------------------------------------------


POSTN:
0.414254
0.460774
0.525567
1.14463
1.15747
1.19698
1.37168
1.88343
2.1821
2.31078
2.72511
3.19083
4.55096
4.94052
5.46466
6.22328
---------------------------------------------------


MECOM:
0.0115449
0.0173241
0.0222798
0.0266224
0.033805
0.0372954
0.0535125
0.0665798
0.0785821
0.115572
0.123962
0.127018
0.202135
0.208786
0.217143
0.381083
0.412939
0.435949
0.586406
0.641136
0.904935
1.03262
1.08206
1.11501
1.65704
14.2855
---------------------------------------------------


EZH2:
0.4284
0.71531
1.07977
1.41361
2.56547
5.67826
5.72431
6.1181
6.92406
7.06633
7.4545
7.5722
7.79509
12.2196
29.2211
39.8052
---------------------------------------------------


HIF1A:
0.351825
0.849074
1.07812
1.09691
1.39918
1.92919
2.60275
4.24775
6.03847
6.69088
7.59546
7.70194
8.02744
9.2784
9.79859
12.695
19.7203
---------------------------------------------------


BIRC5:
0.0719332
0.136561
0.529368
0.583181
0.639668
0.802853
0.802985
1.18322
1.31095
1.39698
1.56084
1.69749
2.06233
4.99053
7.40622
10.016
---------------------------------------------------


ID1:
1.16372
1.27433
1.4579
1.57568
1.6391
2.04343
3.80709
3.87716
5.87095
6.17805
6.23364
6.44254
6.95245
7.32023
7.8014
8.26623
---------------------------------------------------


ID2:
2.11563
2.40247
2.44459
3.818
4.13184
5.57099
6.11779
7.52863
8.56696
9.64273
9.70926
17.7533
29.3421
29.4724
35.3398
46.7598
---------------------------------------------------


IGFBP2:
0.875916
1.58046
6.04024
8.06224
8.571
12.0023
15.6796
16.0735
18.9855
22.0446
23.0818
25.13
25.9217
29.8925
39.7739
39.8204
41.7092
---------------------------------------------------


ITGA6:
0.139518
0.19673
0.38346
0.408596
0.513068
0.561635
0.722224
0.99385
1.65321
1.92415
1.97951
2.09525
2.23322
2.48067
4.78068
16.3118
---------------------------------------------------


DANCR:
0.651477
1.27696
2.75795
2.81221
2.94614
3.1547
4.16489
4.45933
5.0476
5.47359
6.05116
9.20983
10.3675
12.563
12.7097
22.8431
---------------------------------------------------


MET:
0.1856
0.186475
0.281768
0.310934
0.529985
0.57384
0.708714
0.726567
0.750222
1.06642
1.20596
1.53673
1.84998
3.43375
5.45795
5.85136
5.97258
39.6252
---------------------------------------------------


MYC:
0.755661
1.97368
4.24612
4.75125
5.07778
5.33262
5.67154
6.25582
6.37415
7.501
12.0887
12.1588
13.879
14.31
18.4412
19.5981
28.4998
---------------------------------------------------


NOS2:
2.22237
2.23834
3.14148
4.40596
4.73822
5.51576
5.61043
7.52589
9.10638
9.49666
11.4776
16.0053
18.4827
20.625
24.1385
30.9871
---------------------------------------------------


PDGFRA:
0.316495
0.380106
0.796603
0.82373
1.12552
1.61138
2.86602
2.94387
3.52004
3.54031
4.5922
4.99837
5.52443
5.56553
6.15566
6.25665
7.03404
---------------------------------------------------


PI3:
0.177078
0.37111
0.390192
0.540109
0.853474
1.47361
1.91098
2.23441
2.539
3.02854
3.74058
4.43599
5.89591
8.47708
8.61292
9.69763
---------------------------------------------------


TGFBR2:
0.0866223
0.709137
0.763539
0.76573
0.82602
1.02414
1.11638
1.25333
1.36049
1.7289
1.73545
2.00622
2.40269
3.11635
3.74014
4.56208
4.71363
5.3077
8.40133
11.9898
---------------------------------------------------


TNFAIP3:
0.278492
0.282887
0.304017
0.36583
0.459656
0.497185
0.663384
0.698575
0.850482
1.251
1.46028
1.60831
2.55646
2.60673
5.45823
10.0716
---------------------------------------------------


PROM1:
0.178879
0.186564
0.196464
0.408519
0.628383
0.639894
0.805695
0.862526
0.916528
1.07795
1.14895
1.20521
2.15808
2.31777
2.4983
2.98834
---------------------------------------------------


CD44:
1.50998
1.89085
2.06512
2.28508
3.33301
4.38532
4.53201
7.15106
7.87624
8.31038
8.95982
9.37362
9.87955
10.3536
12.771
13.5926
20.6857
---------------------------------------------------


