OLIG2:
0.0
3.09854
3.70969
5.14526
7.83686
14.7299
15.5226
23.239
43.902
---------------------------------------------------


MECOM:
0.0
0.0
0.0
0.0
0.0
0.0
0.0
0.060951
0.0923583
0.366304
0.379499
0.406281
0.822587
1.08598
1.70808
1.74157
2.39668
3.0649
---------------------------------------------------


HIF1A:
2.27301
4.27592
5.53317
10.9207
11.5762
12.2583
19.875
28.4723
37.8319
---------------------------------------------------


TGFBR2:
0.145263
1.94887
2.31927
4.04474
4.14312
4.29322
4.42207
4.92619
9.56194
36.3987
---------------------------------------------------


