OLIG2:
0.704682
1.52243
2.56073
3.14977
8.96414
12.0341
---------------------------------------------------


PDPN:
4.60258
5.98267
7.57063
10.8438
11.4796
12.2184
---------------------------------------------------


POSTN:
0.208192
0.330597
0.924086
3.90501
5.85481
7.77215
---------------------------------------------------


MECOM:
0.0515904
0.0549789
0.0661389
0.393122
0.423136
0.902231
---------------------------------------------------


EZH2:
0.502221
0.56576
1.03101
1.8283
5.57343
8.79601
---------------------------------------------------


HIF1A:
2.97962
3.09656
5.11727
7.00692
9.05692
9.63322
---------------------------------------------------


BIRC5:
0.124345
0.184473
0.429572
0.608688
3.37817
5.596
---------------------------------------------------


ID1:
1.17725
2.41033
3.53942
5.13661
5.59361
9.83954
---------------------------------------------------


ID2:
4.89873
5.42961
9.03221
9.05638
9.28389
10.6865
14.5386
---------------------------------------------------


IGFBP2:
5.63054
6.35567
7.85455
8.14033
9.23556
11.6483
---------------------------------------------------


ITGA6:
0.13058
0.161888
0.221234
0.237806
1.97051
2.1711
---------------------------------------------------


DANCR:
2.14729
3.47634
6.83224
8.01684
9.49174
14.9912
---------------------------------------------------


MET:
0.992949
1.78205
3.36749
5.31775
8.55931
10.5482
13.5346
17.0597
---------------------------------------------------


MYC:
1.82245
3.05285
4.6599
10.101
11.6327
12.3011
---------------------------------------------------


NOS2:
3.28931
3.59923
4.68657
5.55552
7.26351
9.83575
10.7845
---------------------------------------------------


PDGFRA:
0.597776
1.56218
4.22358
6.74944
9.41322
11.1563
---------------------------------------------------


PI3:
0.0162227
0.0580803
0.0726733
0.193626
4.90848
5.04419
---------------------------------------------------


TGFBR2:
0.334903
0.367316
0.660829
0.761253
4.11055
4.85976
5.70966
---------------------------------------------------


TNFAIP3:
0.16549
0.166721
0.207121
0.29924
0.4896
1.427
---------------------------------------------------


PROM1:
0.0125277
0.0383672
0.1179
0.293592
0.852682
1.12876
---------------------------------------------------


CD44:
7.38053
10.1592
11.3514
11.6911
14.6737
18.7748
---------------------------------------------------


