OLIG2:
0.196755
0.21271
3.4996
6.59796
8.84761
11.3482
12.9158
13.6496
16.0046
24.829
33.9492
34.2619
70.1933
77.036
---------------------------------------------------


PDPN:
1.07259
1.75993
2.04689
2.77174
2.92023
4.28751
5.40736
6.68766
7.1432
10.1579
11.6887
14.5904
16.2888
18.0789
---------------------------------------------------


POSTN:
0.0280081
0.0534468
0.492156
0.498156
1.80908
1.94374
1.99464
2.76953
3.39941
3.85869
5.56362
6.91923
8.16347
19.1997
---------------------------------------------------


MECOM:
0.269743
0.539981
0.752556
1.6416
1.77462
1.80805
2.43329
2.57384
3.30522
3.50892
---------------------------------------------------


EZH2:
4.88877
6.29605
9.67319
9.76207
11.1362
12.6068
12.9939
14.2498
16.0331
20.3535
21.7571
24.5476
58.0229
59.6373
---------------------------------------------------


HIF1A:
6.40112
10.3266
15.0817
15.6023
15.8882
16.2554
17.7521
18.925
23.8145
24.0019
24.1474
27.8254
30.0112
34.7935
52.6719
---------------------------------------------------


BIRC5:
0.35137
0.763159
0.802616
0.861125
1.0389
1.16664
1.18568
1.25828
1.43028
2.1621
2.186
2.36023
9.49891
18.3997
---------------------------------------------------


ID1:
3.01638
3.44838
3.79383
5.46348
5.814
5.85497
6.40594
6.61695
9.01242
10.5646
12.5565
16.7371
48.0072
51.8403
52.8072
---------------------------------------------------


ID2:
15.9176
17.8138
18.7032
23.0714
23.2657
24.0452
25.8545
26.1541
26.1869
26.3661
32.5942
44.2368
60.9373
90.0978
---------------------------------------------------


IGFBP2:
14.7866
14.9349
17.2661
19.7415
23.6784
26.9896
27.0074
31.4903
35.6355
37.6749
39.7787
42.4844
49.2268
77.811
---------------------------------------------------


ITGA6:
0.42689
1.14694
1.15857
1.39469
2.00693
2.20912
2.65436
3.97479
5.06748
5.67005
5.79064
5.85943
6.69487
11.3249
---------------------------------------------------


DANCR:
1.23043
2.02068
2.37595
2.37962
2.80425
3.15529
3.20759
3.92401
4.15757
6.51893
8.6651
13.631
14.1442
15.3588
---------------------------------------------------


MET:
0.0834291
0.254534
0.319328
0.387721
0.589377
0.602713
0.796524
1.37264
3.98398
4.68446
7.25096
8.86296
14.2027
23.0623
---------------------------------------------------


MYC:
6.96042
12.9485
13.1572
16.9344
18.5987
22.6507
26.6689
31.5397
38.7697
53.4229
53.9913
64.0708
68.7022
148.01
---------------------------------------------------


NOS2:
0.629485
0.902201
1.20985
2.34404
3.92556
4.39315
5.10127
6.60059
6.72647
7.18582
12.8181
24.6239
35.0246
42.1045
---------------------------------------------------


PDGFRA:
1.38476
2.00615
3.3866
8.77116
9.42332
9.7916
11.539
12.0777
14.2603
17.0793
24.3306
24.8129
39.3443
47.8149
---------------------------------------------------


PI3:
0.126804
0.271114
0.287867
0.554429
1.44503
2.25185
2.55112
3.21141
4.1651
6.64345
7.71951
10.794
25.7307
43.2501
---------------------------------------------------


TGFBR2:
2.56643
3.76858
4.24672
5.0476
5.06866
6.38826
7.07717
8.36263
9.12757
9.65704
10.5649
14.8588
34.6161
37.2213
---------------------------------------------------


TNFAIP3:
1.05224
1.08443
1.10186
1.32314
1.41267
1.62934
1.70218
1.71898
1.94688
2.13904
2.50158
2.6334
4.31933
16.8567
---------------------------------------------------


PROM1:
0.203094
0.24894
0.36832
0.502276
0.805515
1.01519
1.02873
1.28702
1.97793
2.4499
2.60036
2.69645
6.63932
8.5456
---------------------------------------------------


CD44:
9.58093
16.8627
17.0801
19.0351
21.7928
24.9576
25.4456
25.5791
26.3426
26.897
34.9244
37.073
38.4276
38.9763
---------------------------------------------------


