OLIG2:
15.8057
19.564
23.6106
34.2551
40.163
49.8613
56.4053
57.0083
71.1614
81.9266
---------------------------------------------------


PDPN:
13.9711
17.8948
20.1501
22.3341
28.4008
29.8174
30.8102
35.6948
43.4031
43.5185
---------------------------------------------------


POSTN:
28.6251
28.7721
28.8405
31.3978
31.6431
38.4158
44.6246
45.2711
50.8996
74.3584
---------------------------------------------------


MECOM:
0.23783
0.340469
0.55446
0.564679
0.746002
1.05624
1.26934
2.84498
5.35104
---------------------------------------------------


EZH2:
11.6669
13.8901
14.4328
19.9565
25.4414
25.8362
34.2185
34.5193
47.022
47.3396
---------------------------------------------------


HIF1A:
11.5425
17.7003
22.1972
30.985
32.8218
33.1959
34.2912
47.7163
53.9105
66.7506
---------------------------------------------------


BIRC5:
0.826289
1.15996
2.41063
3.47009
6.10548
7.00429
8.54606
16.1785
21.9954
---------------------------------------------------


ID1:
23.555
39.1695
42.2223
45.0149
47.9089
49.1083
49.9013
54.5667
59.1281
63.4111
---------------------------------------------------


ID2:
30.1338
32.8673
44.3495
47.6958
50.1622
54.1689
54.3665
61.5035
61.7868
65.5194
---------------------------------------------------


IGFBP2:
42.6764
44.9546
46.4921
47.3101
56.4857
57.2555
58.5108
63.8884
64.9549
66.3459
---------------------------------------------------


ITGA6:
3.13867
6.56809
8.13337
8.19781
9.56481
9.97965
12.7005
13.0553
16.2528
30.6019
---------------------------------------------------


DANCR:
5.37925
8.16958
8.46579
11.613
13.2497
15.4538
16.4529
18.3983
25.0899
36.771
---------------------------------------------------


MET:
0.722654
0.976516
1.20961
1.25269
1.55029
1.62783
3.2836
4.07301
12.2469
12.6441
---------------------------------------------------


MYC:
5.79632
8.68147
9.25951
10.5605
12.9569
28.1952
29.3815
29.4364
43.0297
48.4035
---------------------------------------------------


NOS2:
3.99638
7.3204
8.71265
12.5261
14.647
19.2991
19.4506
20.5495
25.5916
30.925
---------------------------------------------------


PDGFRA:
12.1345
13.1645
13.4402
15.3837
21.0434
21.2585
32.546
35.9303
52.3566
65.7476
---------------------------------------------------


PI3:
1.86176
2.58302
3.9631
4.77852
10.8039
11.576
13.1306
13.792
14.0631
15.3833
---------------------------------------------------


TGFBR2:
2.2218
3.08199
9.89559
12.0405
18.0717
19.4855
19.9686
20.3878
22.669
23.4337
---------------------------------------------------


TNFAIP3:
1.15883
1.58431
1.71958
3.70773
4.1009
4.97548
5.64434
5.67242
8.79217
---------------------------------------------------


PROM1:
6.68705
8.52737
9.17903
9.46907
10.0511
16.3045
17.0329
18.9018
30.4837
31.2071
---------------------------------------------------


CD44:
32.4641
35.2662
37.9747
42.5203
44.2407
45.2622
51.87
56.5618
58.4237
59.1255
---------------------------------------------------


