OLIG2:
1.8143
3.3703
7.87721
11.1231
11.794
13.4017
16.4996
17.2225
17.9358
18.5184
32.0507
33.4435
34.9159
---------------------------------------------------


PDPN:
9.38736
12.0752
18.0919
23.0276
23.9829
31.7378
32.573
33.3953
35.0881
38.7287
42.2909
42.3762
---------------------------------------------------


POSTN:
6.27348
23.1519
30.4785
35.685
36.9143
38.4369
39.584
41.3187
43.0825
46.5316
46.8224
52.9294
53.4374
---------------------------------------------------


MECOM:
0.262356
1.32589
1.54524
1.76136
1.8349
2.90438
3.15763
3.35715
4.0
4.01478
---------------------------------------------------


EZH2:
0.851736
2.70585
4.85822
5.75579
7.31771
7.59055
9.23256
9.46709
12.0643
13.1753
13.9146
14.3013
19.5565
---------------------------------------------------


HIF1A:
6.13554
18.5625
25.9541
26.3457
26.5394
30.6486
32.3695
32.5041
34.4533
37.9891
38.437
40.5386
60.5642
---------------------------------------------------


BIRC5:
0.786665
1.29695
1.32212
2.44701
2.84179
3.63502
3.81708
4.04595
4.71649
5.00681
6.28612
8.96625
9.89773
---------------------------------------------------


ID1:
1.26613
2.71679
6.27874
6.92941
7.13216
8.64773
11.0319
11.2967
12.7256
14.7506
15.9501
20.078
20.2758
---------------------------------------------------


ID2:
7.05848
8.04413
10.9788
16.6545
16.8752
17.2454
19.0891
22.2833
23.7149
24.1154
24.3812
42.0336
---------------------------------------------------


IGFBP2:
7.44367
9.12068
13.7061
25.6857
27.1375
30.19
32.8396
44.8501
45.4375
45.5634
45.9278
47.2884
49.9638
---------------------------------------------------


ITGA6:
0.454981
1.12328
1.34703
1.66907
1.95543
2.01314
2.27936
2.42094
2.56728
2.59153
5.06636
5.63752
7.79692
---------------------------------------------------


DANCR:
2.40135
4.03017
4.2217
6.56963
6.77145
6.87038
8.72892
9.47251
10.4135
11.5251
12.4072
12.4079
28.1001
---------------------------------------------------


MET:
0.449822
0.806763
2.28603
2.42105
2.63888
2.72596
2.87528
2.90076
3.13814
4.156
4.29558
6.76921
6.83262
---------------------------------------------------


MYC:
8.5151
12.2296
13.8695
19.94
22.839
23.4079
27.4278
29.9455
33.8476
35.0955
35.5494
37.7103
40.4748
---------------------------------------------------


NOS2:
0.018046
0.475801
1.93618
2.61315
2.99556
3.83942
4.24077
4.34866
5.14151
7.12565
7.38038
7.58099
9.82438
---------------------------------------------------


PDGFRA:
2.32523
5.58141
5.7146
6.19059
6.71731
11.5274
17.5518
18.8811
18.9135
21.954
25.174
26.6911
29.8474
---------------------------------------------------


PI3:
0.0
0.901559
1.40328
1.48446
1.56008
2.21955
5.20686
5.38238
5.99011
6.54989
7.96241
8.19233
9.63377
15.1179
---------------------------------------------------


TGFBR2:
7.96312
8.47947
11.0389
11.8604
12.7717
13.2252
14.553
19.1405
21.0559
21.3446
23.5246
23.877
26.6706
27.0524
27.3867
---------------------------------------------------


TNFAIP3:
2.65028
2.69468
3.17774
3.29619
3.40167
4.71117
5.77312
6.68444
7.04737
7.69215
10.743
13.2266
16.0664
---------------------------------------------------


PROM1:
1.32446
2.82691
2.83631
2.85512
3.33266
3.3511
4.20389
4.66518
5.47958
5.67242
6.05712
10.0921
10.1345
---------------------------------------------------


CD44:
13.3795
24.041
33.4596
33.7231
34.5229
38.3446
42.1149
42.7187
47.4143
49.1391
56.2076
62.7916
73.4113
---------------------------------------------------


