OLIG2:
7.02077
10.4329
14.8043
16.9147
17.4214
18.6693
18.6995
18.7026
18.8377
21.8144
22.8286
23.0992
23.7497
24.6246
24.9868
---------------------------------------------------


PDPN:
5.30876
6.58412
8.65125
9.46236
10.2476
10.6024
11.175
12.5938
14.0699
15.0389
16.9839
18.1478
18.2473
22.3684
23.4441
30.2167
30.4577
---------------------------------------------------


POSTN:
10.7751
15.4244
16.0202
16.3073
16.9766
17.0994
18.058
19.2344
19.7832
22.6987
24.2478
26.1382
31.6213
32.004
34.5049
38.7677
---------------------------------------------------


MECOM:
0.738026
0.748142
1.23016
1.45238
2.32936
2.8711
3.11927
3.91766
4.95672
5.22266
5.9836
7.24853
---------------------------------------------------


EZH2:
2.18993
2.98285
3.74
4.01609
4.23724
4.41047
4.54926
8.42202
10.0479
10.0684
12.7514
14.0268
16.1859
16.764
17.292
19.3943
---------------------------------------------------


HIF1A:
11.7613
12.411
15.3129
15.4842
15.7506
17.4982
20.0542
20.8934
20.9132
25.8243
26.3122
26.3904
28.6072
29.0732
31.2694
33.8634
---------------------------------------------------


BIRC5:
1.2655
1.29722
1.36567
2.49254
3.01733
3.01972
3.09038
3.13889
3.31306
3.61188
3.95028
6.1112
6.41319
6.47685
6.61421
8.42895
---------------------------------------------------


ID1:
7.38587
9.75325
10.6447
11.0713
11.3144
11.4723
12.0613
12.7019
13.3975
14.6999
15.5071
15.967
18.6881
19.7461
20.8875
25.7587
29.7811
---------------------------------------------------


ID2:
0.128106
0.618874
2.20965
3.42312
9.93643
11.0459
13.7748
14.982
15.3803
16.0837
16.2374
19.1949
19.448
20.2388
20.5968
24.5664
---------------------------------------------------


IGFBP2:
0.0136108
8.71753
11.3257
12.235
12.8513
14.5685
14.709
14.9505
17.5192
17.9129
18.2273
22.6471
25.4262
26.9135
28.0473
31.8454
---------------------------------------------------


ITGA6:
5.23132
5.9361
6.2666
6.52176
7.15205
7.55158
7.79383
8.08746
8.90176
10.5161
11.3124
11.4241
11.6987
12.0737
12.2311
14.3956
15.7584
---------------------------------------------------


DANCR:
0.842004
1.06822
1.08529
1.45639
1.4686
1.60632
1.62292
1.66777
1.84953
3.01994
3.25568
3.42205
4.12531
5.12147
5.40689
6.2175
12.9318
---------------------------------------------------


MET:
0.144913
0.175174
0.244074
0.274247
0.296494
0.348002
0.467595
0.738486
0.816722
0.85428
0.993798
1.00281
1.24972
1.32989
1.76406
2.29025
---------------------------------------------------


MYC:
5.90895
6.51462
7.43845
8.47519
8.6271
8.77525
10.9193
11.7061
11.9223
12.3124
12.5422
12.6284
12.6876
14.0456
14.5165
15.8537
---------------------------------------------------


NOS2:
1.30828
1.34243
1.63345
2.13726
2.2502
2.46791
2.89146
3.33797
3.48976
3.66918
5.01547
5.43418
6.4601
8.03676
13.0615
15.9295
---------------------------------------------------


PDGFRA:
8.96509
10.0161
10.5667
12.9496
13.6762
14.3321
14.6574
14.7091
15.8043
16.1425
16.1919
16.9368
17.0035
17.3347
25.3376
27.38
---------------------------------------------------


PI3:
0.074031
0.0815523
0.154579
0.184167
0.262331
0.300923
0.377333
0.403806
0.422662
0.513751
0.604362
0.748862
1.00481
1.57949
2.17934
2.92859
---------------------------------------------------


TGFBR2:
3.20784
3.4505
4.61848
5.0079
7.78219
8.60931
9.98123
10.2168
10.2169
10.6665
10.8374
13.1268
14.7106
17.3933
17.9444
20.0554
---------------------------------------------------


TNFAIP3:
0.52106
0.566015
0.690863
0.754033
0.926853
1.43976
1.49231
1.76022
2.28963
2.31293
2.63977
3.04177
3.75018
3.77202
4.57339
10.1844
---------------------------------------------------


PROM1:
1.22744
1.3874
1.41429
2.09461
3.48156
3.85281
4.16881
4.24825
4.24909
4.35926
4.77559
5.22601
5.44025
5.87862
6.78962
8.82206
---------------------------------------------------


CD44:
7.29052
8.75076
10.4937
11.555
12.2658
15.0299
16.9137
19.5268
21.2071
22.0896
22.247
25.5185
25.9651
28.5589
30.3362
31.558
---------------------------------------------------


