OLIG2:
9.38988
9.83858
11.3578
11.7844
13.163
17.0319
19.9517
20.1501
33.8227
---------------------------------------------------


PDPN:
0.131344
0.194538
0.198278
0.356814
0.365341
0.729959
0.978319
11.1175
28.1082
---------------------------------------------------


POSTN:
0.129906
1.2246
2.0453
2.11181
2.29053
2.60318
2.63024
2.72326
2.72463
4.8826
---------------------------------------------------


EZH2:
1.66558
1.75931
2.60167
6.71584
7.41881
8.75917
9.30323
10.7582
11.9525
---------------------------------------------------


HIF1A:
0.707059
2.2128
5.09968
6.26238
7.46124
10.8359
13.5635
15.6449
26.6816
---------------------------------------------------


BIRC5:
0.105707
0.195689
0.275318
0.47708
0.551447
0.650365
0.731082
2.84548
7.99453
---------------------------------------------------


ID1:
0.73936
2.10942
2.39137
3.29622
3.63742
3.71769
4.24958
4.37053
5.44921
---------------------------------------------------


ID2:
5.71604
8.81519
20.3334
21.4809
31.1197
31.689
33.124
36.207
68.9379
---------------------------------------------------


IGFBP2:
4.18922
18.1049
26.5991
26.8034
32.7048
36.9735
37.4952
47.2044
47.4076
79.7886
---------------------------------------------------


ITGA6:
0.592291
1.35124
1.46967
1.63477
1.87411
2.6398
3.17909
5.19813
9.1706
---------------------------------------------------


DANCR:
0.632129
2.24573
2.32271
3.47018
4.41004
4.83289
5.08158
6.5092
10.4697
---------------------------------------------------


MET:
0.0466501
0.109909
0.169355
2.936
3.85816
4.55874
5.51067
6.72638
6.93604
16.2111
---------------------------------------------------


MYC:
6.4136
9.33423
17.4779
25.3284
25.784
38.7056
41.2404
59.3316
60.6565
---------------------------------------------------


NOS2:
0.793631
2.8487
6.48803
7.52107
13.0985
13.189
13.8506
15.4512
15.7577
---------------------------------------------------


PDGFRA:
2.07665
3.04759
3.60506
3.66037
6.30989
6.77906
10.5009
12.6548
14.8626
---------------------------------------------------


PI3:
0.212291
0.255712
1.26858
1.31285
1.57475
1.91288
2.17873
3.55355
8.98213
---------------------------------------------------


TGFBR2:
0.914452
1.33145
2.51108
2.68667
3.95152
4.35859
6.06513
8.28623
12.9408
19.1677
---------------------------------------------------


TNFAIP3:
0.127195
0.217923
0.292926
0.584052
0.612878
1.32769
3.00747
9.9212
13.2519
---------------------------------------------------


PROM1:
0.447835
0.622727
0.839322
0.942963
0.970882
2.15495
2.36888
3.72036
6.42427
---------------------------------------------------


CD44:
0.476528
0.862043
0.994348
1.64672
1.88519
3.19416
7.65834
45.3889
61.4516
---------------------------------------------------


