OLIG2:
12.0441
13.3563
13.9722
18.6533
18.8742
19.5633
30.4123
32.413
50.5729
56.908
189.492
---------------------------------------------------


PDPN:
0.179056
0.193346
0.350806
0.62872
0.789864
1.12537
1.44296
1.45112
1.51613
1.60324
4.85805
20.6879
---------------------------------------------------


POSTN:
1.51417
2.85938
3.39413
4.54705
6.85679
7.61668
7.86177
10.7623
19.9752
22.2099
56.8625
---------------------------------------------------


MECOM:
0.00970466
0.0282006
0.0466085
0.0487233
0.0544397
0.148405
0.244567
0.383787
0.409037
0.425969
0.51767
0.942569
3.25102
---------------------------------------------------


EZH2:
2.28098
3.15164
4.37819
4.83016
5.696
6.17395
7.20696
7.6725
7.82591
11.372
114.843
---------------------------------------------------


HIF1A:
3.6035
5.43791
7.24547
7.51465
9.11173
9.88961
12.5616
14.5452
17.4411
18.6993
67.881
---------------------------------------------------


BIRC5:
1.29635
1.58635
1.63762
2.21976
2.52697
2.6899
3.51516
3.68288
5.15722
15.0002
28.841
---------------------------------------------------


ID1:
8.38386
10.4852
11.5132
11.7512
12.7357
12.7842
17.3908
17.6774
22.9066
36.1721
45.7904
---------------------------------------------------


ID2:
17.4997
22.4379
23.159
31.3878
33.2422
50.0329
58.65
60.6071
146.883
174.998
189.217
---------------------------------------------------


IGFBP2:
11.6938
19.1306
21.006
26.5621
31.1422
32.6678
34.0909
43.2455
46.1698
58.2505
318.972
---------------------------------------------------


ITGA6:
0.617506
0.630592
1.41679
1.85909
1.93215
2.09814
2.31237
2.77247
2.78146
4.86601
23.2565
---------------------------------------------------


DANCR:
1.54357
2.02083
2.57636
5.54558
6.70895
8.41222
9.03899
9.92668
13.4299
15.0887
56.7304
---------------------------------------------------


MET:
0.581179
0.604205
1.33138
1.34715
1.71011
1.79629
1.92282
3.03141
21.3837
28.3505
32.3109
64.208
---------------------------------------------------


MYC:
6.80646
8.24541
10.7983
13.8311
16.7027
22.8743
23.941
35.8562
39.7131
58.8755
380.905
---------------------------------------------------


NOS2:
2.46452
4.01814
9.21761
12.9209
18.4195
23.4385
24.6109
26.1374
34.5432
46.4972
188.518
---------------------------------------------------


PDGFRA:
2.28162
2.49459
2.956
3.8729
5.05702
6.53242
6.93464
7.28802
8.34315
16.2331
34.028
---------------------------------------------------


PI3:
0.819553
2.15944
5.62273
7.35703
9.82536
11.0629
11.9613
16.2353
16.3687
19.7108
65.7434
---------------------------------------------------


TGFBR2:
0.0268552
4.47101
6.84523
7.27168
10.1452
10.4299
11.5273
12.0177
12.8716
14.9654
24.4736
96.9193
170.663
---------------------------------------------------


TNFAIP3:
0.701654
1.25147
1.28174
1.36621
1.76354
1.89324
2.23896
2.47218
2.76987
5.43857
52.9821
---------------------------------------------------


PROM1:
0.575975
1.17423
1.75514
2.85808
3.5537
4.31965
5.08705
6.8617
8.92563
23.5332
77.6873
---------------------------------------------------


CD44:
2.09187
2.4271
3.05535
5.34065
5.71997
7.99596
8.03199
10.5955
11.3317
13.6465
14.3891
---------------------------------------------------


