OLIG2:
15.2494
21.4129
28.3538
29.652
32.6189
33.7724
35.8805
36.1078
37.7496
38.1778
38.87
40.8722
43.4358
45.8965
61.9552
---------------------------------------------------


PDPN:
0.0698697
0.0914622
0.103581
0.106629
0.140764
0.172468
0.195535
0.257361
0.435518
0.443415
0.575774
0.578727
0.60069
1.16527
1.59021
2.64206
---------------------------------------------------


POSTN:
1.70049
2.32901
3.03092
5.57518
6.43364
6.61702
7.04303
7.15756
7.91271
8.63457
8.7013
9.43969
11.3026
12.9667
17.7074
---------------------------------------------------


MECOM:
0.133453
0.142199
0.233405
0.255925
0.403704
0.405827
0.432127
0.525162
1.48512
1.95202
2.77468
---------------------------------------------------


EZH2:
3.11236
3.12249
3.80635
8.84394
8.96757
9.01591
9.70697
10.7496
12.4261
14.0199
15.1824
16.8226
17.0949
19.5225
25.8373
---------------------------------------------------


HIF1A:
6.08329
7.25507
7.54408
8.83999
9.46628
10.2022
10.3629
10.7498
10.7669
12.0914
14.8751
15.611
17.0945
18.5044
20.0579
---------------------------------------------------


BIRC5:
0.328881
0.562701
0.602515
0.692273
0.915273
0.98434
1.05582
1.33402
1.74715
2.35968
2.67151
2.77457
2.95544
3.78245
4.34151
---------------------------------------------------


ID1:
3.06363
4.52442
5.68762
6.14728
6.79211
7.22181
7.2445
8.86532
9.4022
12.0305
12.0769
12.2967
14.1309
14.5939
18.2482
---------------------------------------------------


ID2:
28.4507
30.5956
33.1513
36.4279
36.4529
38.0637
43.8106
45.4221
48.1018
55.4335
57.0699
61.8215
67.6352
70.1221
79.3948
---------------------------------------------------


IGFBP2:
5.1936
10.9349
11.98
16.2282
18.5343
21.0944
29.1381
32.1545
38.8836
41.5089
45.3643
63.6049
65.0854
72.3674
78.817
---------------------------------------------------


ITGA6:
0.955347
1.04793
1.11518
1.24836
1.32013
1.36374
1.7122
1.94827
2.03154
2.12789
2.19382
2.45586
3.30014
3.49274
5.1687
---------------------------------------------------


DANCR:
1.51479
2.46655
9.33283
11.6494
12.9573
17.613
19.6308
22.309
22.7414
24.3329
29.3378
32.4827
37.7017
40.9173
42.5827
---------------------------------------------------


MET:
0.949412
3.16258
3.30819
4.2945
4.8488
4.90421
5.44357
5.75299
6.86261
7.35085
7.4038
9.00571
9.68738
11.3356
18.9238
20.6929
---------------------------------------------------


MYC:
9.93361
10.7327
11.1252
12.6348
21.595
21.8969
26.8375
28.0964
30.488
33.4262
42.852
50.0811
57.5944
62.765
63.8289
---------------------------------------------------


NOS2:
6.44756
12.9144
14.6555
19.2667
20.0218
22.1385
27.4563
27.9504
28.6533
29.5306
32.9204
33.3946
40.9798
53.3143
62.9575
---------------------------------------------------


PDGFRA:
2.31337
3.33837
4.62581
4.7806
5.16139
6.78293
6.79803
8.23109
8.35817
8.74563
12.3033
14.0202
15.9993
18.9143
23.4817
---------------------------------------------------


PI3:
0.430346
0.587464
1.27764
2.01519
3.25541
9.24019
9.62371
10.3213
12.1039
12.3401
17.0815
19.2569
20.6358
27.3564
37.8833
---------------------------------------------------


TGFBR2:
2.3114
2.43355
3.29893
3.29987
4.30145
4.46268
5.82885
6.69832
7.57826
9.61238
9.61396
10.7552
12.2894
12.4651
15.1134
15.6727
20.2021
---------------------------------------------------


TNFAIP3:
0.289868
1.50805
1.757
2.17173
2.21012
2.31061
2.35098
2.89915
4.35348
6.19166
6.68593
6.81488
7.829
8.52576
9.62281
---------------------------------------------------


PROM1:
0.691929
0.845878
0.971855
0.997527
1.17728
1.29675
1.35682
2.19476
2.26961
5.66281
6.27626
6.43349
6.54881
11.3149
17.3901
---------------------------------------------------


CD44:
2.14729
2.72987
4.0623
4.08229
4.37702
4.55468
5.36077
5.68556
8.10295
9.89256
10.7275
12.0869
12.3554
14.1093
20.775
---------------------------------------------------


