OLIG2:
6.3773
9.95597
10.8424
16.5706
19.1109
19.7016
20.3733
20.5534
23.5443
24.0121
24.6295
26.6741
26.6781
31.8362
43.1832
---------------------------------------------------


PDPN:
0.884507
16.1419
16.7095
17.7212
18.2663
18.7008
18.8908
21.2578
21.3539
21.5253
22.4382
23.3151
24.1846
24.9523
33.33
---------------------------------------------------


POSTN:
10.3495
11.3805
13.3609
14.0254
15.8323
16.2362
18.2156
18.4784
19.8033
20.7416
22.291
24.1441
25.7767
26.8466
---------------------------------------------------


MECOM:
0.00437384
0.00479634
0.00931633
0.0115896
0.0243461
0.0255258
0.0276116
0.0535729
0.0944969
0.101036
0.136076
0.189589
0.313511
0.952798
1.77219
1.82479
1.86083
1.91172
1.97518
1.99139
2.33771
2.44637
2.64324
3.75719
7.87881
---------------------------------------------------


EZH2:
10.6699
11.0602
11.6137
12.0154
12.0235
13.8591
14.4054
14.9233
15.2845
15.4537
15.9762
16.4232
16.5661
25.6502
---------------------------------------------------


HIF1A:
3.04301
16.2948
17.6429
19.1221
19.4109
20.2463
24.594
25.2268
27.6416
28.1697
30.8752
33.371
35.8198
36.7888
41.8562
---------------------------------------------------


BIRC5:
3.35268
3.65642
4.92736
5.4716
5.5736
6.339
6.42017
6.53165
6.68666
6.74788
7.45518
7.81377
8.22996
9.29395
---------------------------------------------------


ID1:
11.9215
12.267
13.5147
14.972
16.8238
17.4006
19.4747
20.7944
20.8861
21.143
23.6114
24.6142
25.6342
26.9662
---------------------------------------------------


ID2:
10.3508
10.3837
10.6041
10.644
11.8857
12.4658
12.5414
13.1542
13.2269
13.4039
14.0989
14.4585
18.0828
23.2713
24.3743
---------------------------------------------------


IGFBP2:
8.27764
8.70091
8.89007
8.90709
9.37487
14.669
17.2553
19.2123
24.6016
24.8367
28.5332
30.2474
32.4491
34.2774
35.103
---------------------------------------------------


ITGA6:
3.1603
3.63539
4.48563
4.78943
5.19726
5.28099
5.3696
6.13172
6.69658
6.82127
6.86283
8.04803
8.3696
9.7337
---------------------------------------------------


DANCR:
2.58497
2.95696
2.9669
3.18948
3.59841
3.6503
3.65241
3.8584
4.33821
4.37727
4.51339
4.51386
7.89564
19.0113
---------------------------------------------------


MET:
0.315734
0.468455
0.514957
0.623609
0.740211
0.869239
0.908373
1.03724
1.06718
1.11738
1.38165
1.8818
1.9312
2.01388
4.9656
6.35282
---------------------------------------------------


MYC:
4.02371
9.76049
9.78284
10.0282
10.2749
10.3758
10.7267
10.9742
12.2859
12.3687
12.4431
12.7136
12.8075
17.8825
26.6244
---------------------------------------------------


NOS2:
12.7255
15.9205
18.3943
18.5706
19.2352
21.9004
27.5565
29.5302
30.5181
31.5597
33.5834
34.7909
35.3788
37.0568
---------------------------------------------------


PDGFRA:
0.0649755
0.986062
1.21278
1.21286
1.22847
1.25469
1.51668
1.74906
1.75303
1.88074
1.88315
1.89041
1.96283
2.27048
2.51906
---------------------------------------------------


PI3:
0.103834
0.242407
0.31442
0.40549
0.413621
0.461823
0.528853
0.546045
0.882522
1.1725
1.28106
2.23824
2.58734
3.38669
---------------------------------------------------


TGFBR2:
0.125308
5.5358
7.86339
8.00391
8.35309
8.35363
8.67588
9.00033
9.66062
10.6544
10.7758
12.1374
12.2019
12.51
12.5569
12.9022
13.0995
---------------------------------------------------


TNFAIP3:
0.405032
0.570953
0.574628
0.605929
0.682781
0.742675
0.972814
1.03039
1.06389
1.08715
1.43111
1.68754
2.10017
2.46154
---------------------------------------------------


PROM1:
0.418124
0.440834
0.441985
0.802199
0.80699
0.972327
1.20024
1.35252
1.6557
1.77944
2.0119
2.26177
3.23452
6.83581
---------------------------------------------------


CD44:
0.341068
6.21823
8.99773
9.55615
10.5612
11.5793
11.9418
11.9596
13.0316
14.1552
14.5753
15.3318
15.6941
20.2521
30.7257
---------------------------------------------------


