OLIG2:
0.540385
1.37475
1.4275
1.4335
1.57089
1.65438
1.86861
1.91417
2.58683
2.63267
2.73145
3.70248
4.28707
5.07101
5.94457
6.37851
---------------------------------------------------


PDPN:
1.17197
4.22372
5.826
7.45303
8.1858
8.6631
10.0082
13.0812
13.4413
13.8855
18.0112
18.3618
19.5083
20.3782
22.9777
25.0622
26.0882
---------------------------------------------------


POSTN:
0.430796
1.13648
1.2116
1.28592
1.42303
2.4781
2.75459
2.94918
3.56997
4.11075
4.67229
5.00046
5.29023
6.72411
7.28962
15.3462
15.7145
---------------------------------------------------


MECOM:
0.0401722
0.0625628
0.0853045
0.114365
0.126511
0.138732
0.155625
0.230062
0.239196
0.301635
0.497898
0.639455
---------------------------------------------------


EZH2:
1.17278
2.47227
2.6613
2.77723
3.17439
3.39164
4.79635
5.99105
6.71164
7.72874
9.68819
10.591
11.0025
11.6119
13.2472
13.5894
---------------------------------------------------


HIF1A:
0.999336
2.27408
3.49649
4.32129
4.61556
4.68619
7.30047
7.5986
11.7894
17.7675
18.1259
18.5211
19.9904
20.0942
21.3084
27.6444
29.7556
---------------------------------------------------


BIRC5:
0.0136167
0.0377072
0.0602082
0.125949
0.135541
0.177752
0.197841
0.202553
0.234539
0.402178
0.468421
0.523775
0.764524
0.838322
1.3555
1.42218
---------------------------------------------------


ID1:
0.238918
0.33134
0.875322
1.0911
1.16037
1.4371
1.49871
1.6886
4.17211
5.02008
5.65777
9.42504
9.63233
12.914
13.5822
22.9546
---------------------------------------------------


ID2:
1.73637
2.25047
2.65559
2.67997
4.41682
4.63986
7.31032
8.20499
12.052
12.3547
13.5379
15.5232
17.0595
18.904
25.5641
32.411
---------------------------------------------------


IGFBP2:
8.24301
9.52119
10.4285
11.9007
19.153
19.2619
20.0007
22.4563
24.0746
26.235
29.4765
29.5042
31.1867
37.0199
37.9616
41.7462
---------------------------------------------------


ITGA6:
0.266375
0.276183
0.28245
0.381984
0.442399
0.444266
0.484299
0.643254
0.82496
0.916619
1.06713
1.30274
1.44745
1.56524
2.0507
3.11557
---------------------------------------------------


DANCR:
0.115406
0.500059
0.840644
0.864138
1.35523
2.02678
2.87369
3.06741
3.49313
3.78884
4.17967
4.83545
5.03949
5.07018
6.27179
6.30369
---------------------------------------------------


MET:
0.063754
0.0897866
0.113181
0.120327
0.163929
0.18871
0.18904
0.308092
0.350204
0.521313
0.791722
1.07688
1.36444
2.04517
2.23699
2.26177
---------------------------------------------------


MYC:
5.49812
5.98164
5.98272
6.91457
7.25029
10.7101
13.5782
14.0952
14.8678
18.1577
18.6967
19.0201
21.259
21.3725
27.2527
38.634
47.9306
---------------------------------------------------


NOS2:
0.349624
0.600613
0.72639
0.902738
1.28562
1.70913
1.79891
1.91231
1.91965
2.24666
3.15195
3.27609
3.28788
3.60646
3.96682
6.31386
---------------------------------------------------


PDGFRA:
0.58238
0.610084
0.888437
1.05049
1.05343
1.05366
1.07985
1.54163
1.56152
1.68759
1.73248
1.94595
2.00488
2.28308
2.35774
3.00272
---------------------------------------------------


PI3:
0.289216
0.329039
0.356016
0.497285
0.497819
0.599693
0.697525
0.784863
0.973125
1.17776
1.24343
1.31842
1.85774
2.46115
2.62549
2.634
---------------------------------------------------


TGFBR2:
0.30082
0.531556
1.39484
1.45976
1.4676
1.71305
2.04544
2.0463
3.02661
3.27894
3.47987
3.89247
4.26626
6.62834
7.03083
8.47327
---------------------------------------------------


TNFAIP3:
0.498952
0.563386
0.681726
0.723118
0.76296
0.805902
0.865357
1.11002
2.35814
2.41107
3.087
3.41066
3.89104
4.66901
6.50312
9.55552
---------------------------------------------------


PROM1:
0.270623
0.305593
0.314807
0.471255
0.631534
0.699847
0.751187
0.885358
1.03915
1.05944
1.09135
1.53131
1.6464
1.73572
1.90914
2.3024
---------------------------------------------------


CD44:
4.50546
5.17209
6.79254
7.34271
9.01219
9.70605
18.8571
19.1357
19.7635
23.0018
25.1596
28.0256
29.2931
29.7997
32.4753
37.0239
---------------------------------------------------


