OLIG2:
4.88402
10.4022
11.0452
14.6143
15.0931
16.4656
17.7671
23.4202
25.9131
48.2688
---------------------------------------------------


PDPN:
0.493219
0.728897
1.79583
3.02832
3.45368
3.49082
4.44755
5.16557
6.91682
8.88501
11.5444
12.8914
---------------------------------------------------


POSTN:
0.0
1.81371
1.84187
2.58008
5.90578
7.1026
7.85389
11.1425
12.7424
15.2215
19.929
---------------------------------------------------


EZH2:
1.44212
4.31397
4.99127
6.1252
6.73701
8.59596
9.43508
9.89036
11.2929
12.1351
17.2401
---------------------------------------------------


HIF1A:
9.12949
15.2826
16.1858
18.9977
23.8832
25.3428
27.5047
30.0676
34.1356
42.219
44.473
46.2078
---------------------------------------------------


BIRC5:
0.0
0.0
0.0
0.0
0.0499218
0.139487
0.304455
0.455378
0.564992
0.729421
1.11386
---------------------------------------------------


ID1:
0.0
2.43511
11.1339
14.3167
17.9819
19.2479
22.1941
24.7775
25.2341
30.7995
32.4354
58.9883
---------------------------------------------------


ID2:
12.0761
13.4166
16.2134
16.3406
16.4309
16.449
17.4359
18.7826
20.9865
47.5939
---------------------------------------------------


IGFBP2:
2.15543
6.96051
16.9728
17.1812
21.6669
30.2767
32.0748
32.5648
36.4311
39.4746
---------------------------------------------------


ITGA6:
0.0
2.46101e-08
1.8038
2.5385
2.69621
3.94762
4.81144
5.41535
6.22808
6.92092
9.36586
---------------------------------------------------


DANCR:
0.0904737
0.129458
1.05702
1.23195
1.32833
1.94713
1.96783
2.50221
3.36449
7.26001
---------------------------------------------------


MET:
0.0
0.204966
0.266779
0.569819
0.574221
0.57566
0.613535
1.81483
2.12491
---------------------------------------------------


MYC:
11.1096
15.3922
16.6511
19.9422
26.9715
28.9372
29.5613
33.4758
34.562
38.3536
54.659
---------------------------------------------------


NOS2:
2.57645
2.68054
4.24326
4.67853
5.60638
7.09673
9.96497
10.8044
11.9411
20.0177
23.9386
---------------------------------------------------


PDGFRA:
0.0
1.31332
1.46115
2.13892
2.24193
2.29847
4.04151
6.09302
6.24469
6.32348
---------------------------------------------------


PI3:
0.0
0.0
0.0214949
0.0448913
0.167893
0.294006
0.587254
0.778213
0.900714
1.39638
1.61143
9.48814
---------------------------------------------------


TGFBR2:
0.446402
2.97709
3.71212
5.18693
6.96296
7.63488
8.54319
11.7713
22.4682
---------------------------------------------------


TNFAIP3:
0.0
0.0167123
0.208634
0.373093
0.389764
0.538841
0.598905
0.851859
1.47456
1.78519
3.40022
8.04385
---------------------------------------------------


PROM1:
0.295687
1.13769
1.77284
2.8776
3.45143
4.10033
4.92997
7.46044
8.65294
8.65326
9.56977
13.0342
13.7469
---------------------------------------------------


CD44:
9.71225
12.1065
19.9048
21.54
23.6078
24.6395
26.2292
51.3073
56.9035
63.539
91.8136
---------------------------------------------------


