OLIG2:
9.87747
13.2273
15.4474
16.4691
18.2301
19.2326
20.6333
22.1343
26.1824
28.7226
40.1415
---------------------------------------------------


PDPN:
0.358324
0.841997
0.936354
1.09792
1.34614
1.45515
1.46223
1.80265
1.97647
3.55674
7.06539
---------------------------------------------------


POSTN:
2.27804
2.83261
3.09051
3.21764
3.26484
3.31635
3.62824
3.71464
4.75725
5.0384
5.56709
8.21422
---------------------------------------------------


MECOM:
0.0879453
0.273437
0.320822
0.79148
1.21247
2.205
4.50621
5.01653
5.59516
---------------------------------------------------


EZH2:
1.83234
2.70279
3.08336
3.334
3.34726
5.26171
8.69024
11.4678
15.7801
25.7696
26.0276
---------------------------------------------------


HIF1A:
3.40765
4.55918
5.70641
6.35644
8.2353
11.0475
11.1482
11.3012
12.9434
13.1538
14.0486
---------------------------------------------------


BIRC5:
0.251665
0.288315
0.313609
0.357513
0.398136
1.09703
1.99444
2.10974
2.29973
2.33816
2.3597
---------------------------------------------------


ID1:
2.41815
2.98643
3.81591
4.25815
4.47049
4.58209
5.98493
6.19274
8.26455
8.8144
8.90639
---------------------------------------------------


ID2:
24.0473
31.5643
35.696
44.0455
48.9592
54.5796
59.726
62.2273
70.7894
72.679
113.539
---------------------------------------------------


IGFBP2:
11.6743
17.1817
20.4244
21.3127
24.2569
24.9316
29.2027
33.4525
39.8425
58.523
79.3167
122.713
---------------------------------------------------


ITGA6:
0.707875
1.77544
1.88863
2.76556
3.91528
3.92092
4.00441
5.08536
6.5973
13.0497
13.596
---------------------------------------------------


DANCR:
3.13703
4.33949
4.46407
4.53203
4.93886
6.02535
8.31244
8.70549
9.38448
10.5455
14.8128
---------------------------------------------------


MET:
2.52877
3.06804
4.23938
4.34824
6.96973
7.04363
7.18586
9.0367
12.8074
13.6405
19.5844
37.1318
---------------------------------------------------


MYC:
7.59778
11.1755
20.7381
24.2679
24.7864
37.56
48.4057
49.1897
65.0285
72.9146
100.394
---------------------------------------------------


NOS2:
4.92054
7.88339
11.3095
11.382
12.8578
14.309
16.5793
23.4318
27.4074
30.1523
30.9392
---------------------------------------------------


PDGFRA:
2.21776
2.92648
4.02931
4.51149
4.56041
5.27775
5.45243
5.67376
6.09365
6.23699
7.16847
---------------------------------------------------


PI3:
0.40034
0.787928
1.63831
2.02137
2.56567
3.62745
4.56015
5.02523
8.55934
10.9327
15.0822
---------------------------------------------------


TGFBR2:
1.63854
3.45048
6.35075
6.57225
6.6975
7.39044
7.4237
7.78614
9.61893
11.3233
12.7083
15.2309
---------------------------------------------------


TNFAIP3:
0.42306
0.512265
0.566841
0.605218
0.927373
1.33591
1.38872
1.46926
1.64628
2.80534
5.95598
---------------------------------------------------


PROM1:
0.931796
1.055
1.14361
1.56296
1.76225
1.97075
2.07084
2.34972
3.04941
5.17333
10.365
---------------------------------------------------


CD44:
2.38146
2.74655
2.88143
3.0839
4.44865
5.02441
6.80539
8.23376
10.664
13.9295
25.4702
---------------------------------------------------


