OLIG2:
0.157987
1.03045
1.58882
1.78966
2.04684
---------------------------------------------------


PDPN:
0.0
0.0283536
1.37803
2.36272
2.37613
2.74436
7.15899
---------------------------------------------------


POSTN:
0.0327777
1.27842
2.0595
2.58186
2.91192
---------------------------------------------------


MECOM:
0.0
---------------------------------------------------


EZH2:
0.605589
2.4292
2.91073
3.17001
5.04762
---------------------------------------------------


HIF1A:
5.02965
7.11203
9.43624
20.2906
23.5902
---------------------------------------------------


BIRC5:
0.259427
0.519166
0.729592
0.810927
2.68584
---------------------------------------------------


ID1:
0.300678
0.303776
1.28114
6.86784
9.54254
---------------------------------------------------


ID2:
0.0
0.523085
0.724746
1.03953
5.19456
5.43191
12.1622
---------------------------------------------------


IGFBP2:
2.31528
3.28935
10.8588
11.9118
16.2336
17.6351
---------------------------------------------------


ITGA6:
0.124388
0.135351
0.191305
1.59714
1.73089
---------------------------------------------------


DANCR:
0.0
0.0998157
0.139885
0.165518
0.215744
0.561443
---------------------------------------------------


MET:
0.0
0.0
0.0603262
0.132472
0.231659
0.317102
0.660122
---------------------------------------------------


MYC:
0.0
0.515162
1.27089
2.27263
2.59205
3.42724
7.68465
---------------------------------------------------


NOS2:
0.0140834
0.266485
0.268672
0.359057
0.439084
1.37718
---------------------------------------------------


PDGFRA:
0.103816
0.111609
0.282249
0.555587
1.17736
---------------------------------------------------


PI3:
0.18878
0.292864
0.303097
0.310885
0.411176
0.521792
---------------------------------------------------


TGFBR2:
0.664992
2.95836
3.13635
---------------------------------------------------


TNFAIP3:
0.226945
0.320616
0.690125
0.934422
1.98094
---------------------------------------------------


PROM1:
0.0
0.0402409
0.054642
0.0955569
0.161011
---------------------------------------------------


CD44:
0.260136
2.22186
2.69874
5.61637
10.0378
12.4652
---------------------------------------------------


