MECOM:
0.00275536
0.00572609
0.00596498
0.00874294
0.00919966
0.0128651
0.0148736
0.0153251
0.024378
0.0276755
0.0514358
0.120786
0.142024
0.229939
0.304578
0.362719
0.453618
0.47726
0.68705
0.911573
0.9647
1.15457
1.34752
1.64993
1.74135
2.08433
---------------------------------------------------


BIRC5:
0.108805
0.177976
0.437072
0.585415
0.602599
0.647137
0.689868
0.84515
0.99658
1.19798
1.37639
1.5009
1.77182
2.02166
2.40997
3.75513
4.42703
---------------------------------------------------


DANCR:
0.179408
0.407353
0.481513
0.57848
0.620216
0.741485
0.988342
0.994348
1.62323
1.85075
2.22271
2.28419
2.55707
2.69033
2.73444
4.17058
4.76793
---------------------------------------------------


CD44:
0.141082
1.02433
8.36107
10.3593
10.4532
14.7397
16.4042
18.4253
19.9273
24.4485
27.1928
29.0369
31.2702
32.7515
33.2626
35.2504
38.1071
48.5629
---------------------------------------------------


EZH2:
0.384514
0.656598
0.665728
0.951982
2.01222
2.17496
2.23234
2.32574
2.65867
2.93769
3.8394
3.92336
3.99907
4.01503
4.31954
7.1
7.25454
---------------------------------------------------


HIF1A:
1.72843
2.14528
2.58486
3.98615
4.78518
5.37534
6.65485
9.55239
11.3458
12.7685
16.2224
16.7817
17.9726
23.585
24.6413
28.534
31.3199
35.7116
---------------------------------------------------


ID1:
0.396568
0.456487
0.538636
0.89855
1.08674
2.08388
2.32927
3.54026
3.95055
4.4016
5.20853
5.51014
5.78116
5.8154
7.79106
10.1134
11.5292
---------------------------------------------------


ID2:
1.00195
3.84676
4.29841
4.35263
4.92037
5.11566
6.69468
8.4691
8.60319
9.45804
10.428
15.6104
15.9233
17.4443
18.4895
29.6843
31.4492
---------------------------------------------------


IGFBP2:
0.0
0.0602296
1.84295
5.43319
7.37978
12.1
12.631
12.9781
17.0851
20.7781
23.0156
24.2771
25.1909
26.462
26.8344
31.2951
39.2082
41.3749
---------------------------------------------------


ITGA6:
0.0932153
0.0936784
0.15442
0.368666
0.476246
0.702649
0.904968
1.06267
1.55127
1.91545
2.07678
2.43694
2.96727
3.36149
3.7237
4.14555
5.42883
---------------------------------------------------


MET:
0.0289716
0.0473075
0.101907
0.111566
0.163364
0.220515
0.313122
0.32842
0.543809
0.559438
0.607119
0.660082
0.668912
0.92579
1.1385
1.33785
2.93065
3.02503
---------------------------------------------------


OLIG2:
0.555331
0.641341
1.5158
1.94313
2.42092
3.16624
3.5394
4.98217
6.27757
6.94077
9.65797
10.009
10.4943
12.3907
12.6631
15.4927
23.9846
25.6231
---------------------------------------------------


PDPN:
0.0955121
3.08346
5.7917
7.02726
8.38043
9.21906
9.57355
11.6622
12.7346
15.1438
16.3127
17.6163
18.0696
18.2479
20.196
21.8881
23.8134
29.7285
30.5554
---------------------------------------------------


POSTN:
0.44778
1.0835
1.11608
1.23736
1.95506
2.22036
3.21663
3.94672
4.43009
5.51208
5.71672
6.76765
7.41411
9.68497
12.3538
14.7476
17.0825
19.4575
---------------------------------------------------


MYC:
0.540412
0.643322
1.5944
2.85291
3.73203
4.88977
7.22672
8.49052
9.33299
9.9138
10.9375
13.6976
14.832
15.3151
16.9199
21.4633
24.8185
31.6364
---------------------------------------------------


NOS2:
0.670266
0.777909
1.21862
1.37512
1.88946
2.40529
2.64374
2.71272
4.0653
4.68012
4.79825
5.27373
5.91934
7.03212
7.52992
7.90129
12.5422
---------------------------------------------------


PDGFRA:
0.27377
1.1457
1.19483
1.41482
1.905
1.93322
2.05715
2.06411
2.2297
2.4067
2.60302
2.60476
2.96859
3.12329
3.2576
4.85642
4.87873
4.99028
---------------------------------------------------


PI3:
0.730228
1.49469
1.73428
2.48545
2.82029
2.85503
3.1801
3.84602
3.92189
4.29467
4.33559
5.07409
5.10266
5.71384
9.25275
14.0884
16.5941
---------------------------------------------------


TGFBR2:
0.0503032
0.880706
1.66727
2.03439
2.80321
2.97569
3.49177
3.75089
4.1307
4.21432
5.46629
6.00168
7.7446
8.36849
9.25978
13.6859
14.1351
14.2556
18.2599
---------------------------------------------------


TNFAIP3:
0.427883
1.05781
1.96251
2.06026
2.73441
2.80976
3.32929
4.0429
5.64745
9.1525
10.369
11.1573
12.8204
13.7308
19.7086
20.1542
26.1572
28.0197
---------------------------------------------------


PROM1:
0.0544152
0.105465
0.18437
0.197087
0.254737
0.288282
0.322475
0.355936
0.360205
0.362288
0.488492
0.501059
0.50529
0.511634
1.04615
1.55954
3.29488
---------------------------------------------------


