MECOM:
0.00473713
0.00969197
0.0105206
0.0110448
0.0434295
0.090431
0.143947
0.308865
0.380988
0.817019
1.30881
1.44319
3.00223
---------------------------------------------------


BIRC5:
0.319783
0.350563
0.486112
0.505712
0.787636
1.5985
1.82572
3.03023
5.20595
---------------------------------------------------


DANCR:
1.02968
1.05967
1.21557
1.32339
1.38881
1.71661
2.31033
2.85967
4.49933
---------------------------------------------------


CD44:
1.1257
8.23882
17.4396
18.9854
19.2927
25.6801
30.2776
34.5435
34.9955
47.2433
---------------------------------------------------


EZH2:
1.15182
1.35087
2.37611
2.62983
2.64874
3.08462
3.91408
4.5978
5.64344
---------------------------------------------------


HIF1A:
0.371887
4.35306
5.31059
9.60974
12.6757
13.3939
13.5497
17.6799
22.4053
24.5067
---------------------------------------------------


ID1:
0.986739
2.96999
3.30317
3.41055
3.52406
3.97743
5.20932
5.63273
6.50494
---------------------------------------------------


ID2:
12.9851
13.3563
14.4262
15.0396
22.2751
22.8656
24.7634
30.9943
33.6581
---------------------------------------------------


IGFBP2:
0.0482195
1.24389
13.2623
24.319
27.109
27.8227
28.7005
29.0068
32.5819
35.9194
---------------------------------------------------


ITGA6:
0.264487
0.779142
1.1608
1.26459
1.4763
1.87389
2.00612
2.19203
4.19955
---------------------------------------------------


MET:
0.125244
0.19709
0.395217
0.621089
0.703038
0.740496
1.19178
1.59479
2.38318
2.55237
---------------------------------------------------


OLIG2:
0.213505
3.79059
4.45971
4.80568
7.07459
7.07949
8.03649
8.86666
12.1475
13.4155
---------------------------------------------------


PDPN:
9.09001
11.3506
13.5215
14.1748
16.566
18.8427
25.1888
26.9834
27.1069
28.7862
---------------------------------------------------


POSTN:
0.878878
1.08559
1.75865
1.89125
2.5369
2.87852
3.56115
7.68531
9.1402
15.4865
---------------------------------------------------


MYC:
1.82319
1.94668
9.42367
9.9616
11.7199
16.4976
19.1934
21.9738
24.3899
25.2386
---------------------------------------------------


NOS2:
1.57684
2.07017
2.83849
2.87193
6.11411
6.84149
7.26816
8.70808
11.3573
---------------------------------------------------


PDGFRA:
0.260295
0.825541
0.849021
0.890656
1.45345
1.98038
2.42803
3.17416
4.25606
6.70158
---------------------------------------------------


PI3:
1.541
2.1877
2.51678
3.50519
3.84848
5.11722
6.53891
12.6974
21.5421
---------------------------------------------------


TGFBR2:
1.31942
4.282
4.35116
4.42789
4.56004
6.37676
7.08998
8.17273
16.0937
17.2947
---------------------------------------------------


TNFAIP3:
6.94197
9.94032
10.7166
12.5183
13.2372
14.2267
18.0197
18.1598
18.3641
---------------------------------------------------


PROM1:
0.608529
0.652596
0.680601
0.695164
0.774945
1.07021
1.44251
2.1002
2.38939
---------------------------------------------------


