OLIG2:
0.0238241
0.0284529
0.0648512
0.0915868
0.0998692
0.115678
0.12199
0.210813
0.213334
1.21797
1.49886
1.79975
1.81579
3.96286
---------------------------------------------------


PDPN:
0.0581731
0.33343
0.35804
0.971767
1.40325
2.48164
3.6813
3.76412
4.50477
5.18537
5.72906
7.43099
10.6823
10.8095
22.8699
---------------------------------------------------


POSTN:
0.0694982
0.363184
0.499128
1.26908
1.32397
1.98791
2.11232
2.69827
3.04827
3.31115
3.79047
4.16605
4.86651
5.8115
5.95181
---------------------------------------------------


MECOM:
0.0
0.0461246
0.0601818
0.114469
0.150888
0.158372
0.243061
0.636976
1.23552
3.31882
---------------------------------------------------


EZH2:
0.0649444
0.509545
0.719282
1.07374
1.73579
2.21049
2.39962
2.78945
2.81327
4.2829
4.31687
4.61861
8.3957
10.9587
15.5452
---------------------------------------------------


HIF1A:
0.152974
0.193217
5.15359
10.0426
10.1549
10.3861
12.5449
13.3062
13.4079
14.0729
15.9562
18.2584
22.3052
24.0751
28.8308
---------------------------------------------------


BIRC5:
0.0532802
0.127319
0.177461
0.210641
0.250263
0.351145
0.357217
0.372591
0.40056
0.514545
0.622769
0.799445
0.976769
3.89922
---------------------------------------------------


ID1:
0.0696018
0.291577
0.365964
0.41631
0.521996
0.703569
1.45023
1.57704
1.6753
3.10472
4.09037
5.87479
6.02288
8.22473
---------------------------------------------------


ID2:
0.0674732
0.126466
0.357783
0.421735
0.528026
0.612715
0.708236
1.53022
1.88809
2.33895
3.85525
7.77387
7.84408
14.0498
25.6171
---------------------------------------------------


IGFBP2:
0.670574
1.46646
3.47089
11.1566
13.8562
14.0357
15.788
17.1171
18.6042
20.1743
20.7212
27.1442
28.9917
31.8194
39.1911
---------------------------------------------------


ITGA6:
0.0216993
0.0371175
0.0768902
0.128056
0.216209
0.225902
0.24741
0.254051
0.255146
0.260997
0.507776
0.587442
1.18097
1.23557
1.46937
---------------------------------------------------


DANCR:
0.0198353
0.0214236
0.0430678
0.0477405
0.0484543
0.0573495
0.0631831
0.0955155
0.135814
0.147753
0.150566
0.306165
0.316048
1.5486
---------------------------------------------------


MET:
0.0
0.0050537
0.127307
0.239622
0.329177
0.376945
0.449869
0.508978
0.545282
0.568114
0.665262
1.04832
1.34755
1.46999
14.1535
18.3225
---------------------------------------------------


MYC:
0.0215537
0.224459
0.45987
0.65171
1.09029
1.58258
2.51071
3.21449
3.23394
3.67115
4.06453
4.12216
4.5693
6.02388
17.4288
---------------------------------------------------


NOS2:
0.019595
0.024036
0.0321175
0.0342696
0.051635
0.057061
0.0714257
0.0746401
0.172762
0.181565
0.192652
0.282579
1.00755
2.64542
---------------------------------------------------


PDGFRA:
0.0
0.0517102
0.1321
0.138539
0.315551
0.32092
0.329507
0.505135
0.560769
0.842366
1.04757
2.4959
2.59005
4.19966
5.81265
---------------------------------------------------


PI3:
0.00860032
0.0326184
0.0924015
0.122146
0.15084
0.176365
0.295917
0.599755
0.61878
0.659777
1.0494
1.05141
1.81391
3.01942
7.19462
---------------------------------------------------


TGFBR2:
0.0937034
0.252283
0.520437
0.579611
2.2314
2.44935
2.64579
3.13762
3.95027
4.03594
4.92944
8.35133
9.47266
---------------------------------------------------


TNFAIP3:
0.100452
0.135234
0.185025
0.198797
0.230396
0.314486
1.01728
1.03779
1.24638
1.49995
1.59951
2.43363
7.62905
16.5283
17.6896
---------------------------------------------------


PROM1:
0.0222157
0.0223395
0.0440574
0.0513275
0.0549165
0.070817
0.103102
0.122477
0.126709
0.130097
0.147345
0.191364
0.369097
0.404066
3.79045
---------------------------------------------------


CD44:
0.847425
1.00258
1.24283
2.08515
3.88325
10.0932
17.5992
21.5122
21.6111
21.9455
22.9015
32.768
33.5984
36.2593
39.7834
---------------------------------------------------


