OLIG2:
3.25322
4.04671
4.70285
4.81599
5.05673
5.6283
5.68448
5.8069
5.85504
6.23638
6.8752
7.28285
7.90228
8.67453
---------------------------------------------------


PDPN:
4.51858
5.12817
5.59818
5.9743
6.26768
6.27474
6.40197
7.34238
8.69352
10.3028
11.1199
11.6083
11.6927
12.9699
---------------------------------------------------


POSTN:
4.39737
4.58562
5.40016
5.43475
5.44739
5.62144
6.48595
7.03849
7.04912
7.39855
7.4773
8.46162
8.75032
9.18185
---------------------------------------------------


MECOM:
0.687724
1.14207
1.16022
1.53538
1.62569
1.76201
1.81956
1.89375
1.94547
4.71959
---------------------------------------------------


EZH2:
4.50251
4.96167
4.98975
5.05439
6.07781
6.79556
7.0857
8.24147
8.8369
10.256
11.3985
12.1601
12.1928
14.0749
---------------------------------------------------


HIF1A:
5.41842
6.75687
7.39643
7.76174
8.04962
8.10424
9.02314
10.1409
10.3581
11.066
11.4041
12.4815
12.5552
14.8533
---------------------------------------------------


BIRC5:
1.08597
1.27585
1.31919
1.63823
1.74675
1.78681
2.05158
2.37869
3.64525
4.1525
4.22073
4.93823
5.07101
5.27779
---------------------------------------------------


ID1:
3.49316
4.31935
4.42826
6.21694
6.2281
6.28886
6.71725
6.98516
7.04813
7.95148
9.04738
9.51553
11.082
12.134
---------------------------------------------------


ID2:
4.09905
6.71262
7.29295
7.47575
7.60128
7.696
8.73947
9.05966
9.38954
10.1502
12.2216
12.2754
12.5856
16.4047
---------------------------------------------------


IGFBP2:
3.87422
5.64126
6.13804
6.40809
6.97309
7.54418
7.81476
8.98568
9.74408
9.99047
10.1358
10.1379
10.2824
15.2294
---------------------------------------------------


ITGA6:
2.63444
3.17627
3.57473
4.09367
4.21344
4.2294
4.5161
4.73328
5.12432
5.20511
5.54437
5.90767
6.6299
7.68513
9.24609
---------------------------------------------------


DANCR:
0.27393
0.56177
0.715734
0.729228
0.779006
0.796785
0.804637
0.965004
1.11134
1.11258
1.12237
1.43289
1.62721
1.66809
---------------------------------------------------


MET:
0.0439014
0.0484089
0.0541326
0.0637322
0.0846269
0.0970152
0.130276
0.143749
0.271891
0.278145
0.423364
0.448516
0.465512
0.524611
---------------------------------------------------


MYC:
2.93923
3.14771
3.52895
3.54376
3.57417
3.61292
3.73563
4.10069
4.95099
5.0546
5.86006
6.49462
6.74544
8.21622
---------------------------------------------------


NOS2:
0.65935
0.717452
0.954935
1.05809
1.32751
1.37026
1.41979
1.64065
1.79631
1.80622
2.09937
2.16698
2.40283
4.39113
---------------------------------------------------


PDGFRA:
5.76391
6.18662
6.71059
7.09981
7.43506
7.76873
8.08619
8.6746
8.70276
9.56548
10.7099
10.9019
12.1253
12.1441
---------------------------------------------------


PI3:
0.0725052
0.133317
0.187481
0.240469
0.29687
0.299098
0.30668
0.316713
0.375402
0.54005
0.553581
1.07435
1.28536
2.29513
---------------------------------------------------


TGFBR2:
2.85764
3.52777
4.57074
4.59118
4.69115
5.07728
5.64868
5.75354
6.36368
6.76342
7.79845
7.9139
8.39367
9.25244
---------------------------------------------------


TNFAIP3:
0.570395
0.712178
0.854951
0.877119
0.936259
1.04586
1.06357
1.20221
1.40592
1.57395
1.85261
1.87484
1.92765
3.93256
---------------------------------------------------


PROM1:
1.84195
3.35434
3.45129
3.52978
3.587
3.71909
4.1264
4.30283
4.43397
4.63997
4.65975
5.98024
7.14058
8.16279
8.30401
---------------------------------------------------


CD44:
11.4326
12.7506
15.239
16.1883
16.5317
17.1521
17.2472
17.9431
18.5731
19.0928
19.2362
20.0136
20.1927
20.7338
24.2031
---------------------------------------------------


