OLIG2:
0.244706
2.56024
3.46551
3.7356
4.31852
5.92104
6.78368
8.03875
9.25153
10.9728
12.6546
15.1661
15.6606
17.463
20.3999
22.8933
31.7717
33.925
36.0166
---------------------------------------------------


PDPN:
0.0265633
0.0928544
0.2693
0.460131
0.532033
0.884579
1.53003
1.92654
2.80493
3.00197
3.01127
11.7125
22.2934
26.019
27.6651
31.4978
38.9727
44.2106
53.9314
---------------------------------------------------


POSTN:
0.717283
1.52141
1.58385
2.20479
2.52942
2.97383
3.6004
3.69279
4.03202
7.32701
8.10886
10.7247
11.2042
12.5624
13.9796
14.0607
34.0946
35.5334
---------------------------------------------------


MECOM:
0.0059557
0.0066342
0.0100934
0.0141619
0.0197279
0.027804
0.0320352
0.0379572
0.0394799
0.055273
0.0778921
0.0890353
0.098138
0.124727
0.138699
0.198976
0.21439
0.277471
0.578544
0.578561
0.976273
1.23468
1.68197
1.98562
---------------------------------------------------


EZH2:
0.357649
0.67703
0.863052
1.4678
1.66982
1.74592
2.7296
2.75611
2.79469
3.40162
3.52952
3.56276
3.81124
4.57653
4.9358
5.6825
8.18463
12.147
---------------------------------------------------


HIF1A:
0.43657
0.776374
2.7159
3.99147
4.01984
4.3775
4.55666
6.59671
6.69307
8.14766
8.21948
8.30924
12.7022
17.2665
18.9062
26.0965
27.6175
32.1759
39.9883
---------------------------------------------------


BIRC5:
0.0490417
0.118871
0.235594
0.331831
0.353375
0.562936
0.583207
0.779632
0.780348
0.788522
1.11062
1.23624
1.36062
1.51813
1.84675
2.27689
2.43668
2.99267
---------------------------------------------------


ID1:
0.233962
0.453051
1.1087
1.41321
1.97963
2.40818
3.88165
4.22551
4.59297
5.97134
8.24648
8.48022
8.58936
9.23963
11.0505
14.4527
18.6446
20.308
---------------------------------------------------


ID2:
2.53896
3.74575
3.98663
12.9612
15.7182
16.2914
17.1183
19.458
22.6652
23.3556
24.1835
24.223
25.9592
26.4002
27.8458
29.1774
30.7725
31.529
37.0627
---------------------------------------------------


IGFBP2:
5.44187
5.51148
8.18118
8.79544
8.89919
8.95886
9.85063
12.7263
13.4573
13.9827
14.1354
15.061
19.2181
19.3984
20.9762
21.1043
22.7825
23.1979
24.0345
---------------------------------------------------


ITGA6:
0.0757522
0.186058
0.257578
0.306338
0.377286
0.47419
0.519477
0.968302
0.985985
1.02545
1.14408
1.26614
1.29905
1.70674
1.76979
1.84951
2.55375
3.31075
---------------------------------------------------


DANCR:
0.165049
0.196241
0.215724
0.302187
0.322166
0.446133
0.565256
0.565348
0.603289
0.653938
0.756713
0.831555
0.906625
0.927137
0.964522
1.0277
1.2016
3.50427
---------------------------------------------------


MET:
0.0448723
0.0898586
0.118815
0.154295
0.162566
0.194111
0.273342
0.310994
0.35468
0.359333
0.373451
0.374206
0.389725
0.394974
0.424379
0.908411
0.914818
0.940664
1.03282
1.3222
---------------------------------------------------


MYC:
0.0257583
0.138454
2.62957
3.02012
4.30288
4.37013
7.522
8.20897
8.44898
8.82977
9.16043
12.2823
14.9261
15.9715
16.4966
21.3337
27.8455
34.8911
64.5932
---------------------------------------------------


NOS2:
0.348586
0.411992
0.477193
0.733415
0.783225
0.792293
0.870739
0.970161
1.32714
1.34489
1.41458
1.47487
1.51947
1.79463
1.83245
3.14113
4.05791
4.72748
---------------------------------------------------


PDGFRA:
0.21387
1.45629
1.4794
2.35222
2.98804
3.01778
3.66065
4.00731
5.46606
6.22559
7.81146
8.25409
9.7233
10.1225
11.5443
12.0261
18.8389
19.3578
21.0791
---------------------------------------------------


PI3:
0.064996
0.11327
0.130906
0.158886
0.222299
0.304813
0.614496
0.640485
0.648306
0.940219
1.80928
2.5283
2.54683
5.57434
6.21864
8.73873
10.6517
16.9321
21.6733
---------------------------------------------------


TGFBR2:
0.0213194
0.586526
0.933947
1.41503
1.93187
2.06926
2.08445
2.63565
2.66447
2.79951
3.55307
4.10971
4.3545
8.30874
9.4559
10.1601
11.9264
15.0179
15.1839
15.4962
20.1408
---------------------------------------------------


TNFAIP3:
0.111719
0.512066
0.566226
0.734617
0.858972
1.04246
1.15696
1.16827
1.38008
1.80612
1.94171
2.65058
8.13296
8.42007
8.57809
8.98417
9.22735
11.2438
---------------------------------------------------


PROM1:
0.297399
0.338357
0.342861
0.366324
0.460089
0.515332
0.544118
0.64211
0.728582
0.918196
1.23129
1.58948
1.61396
2.24824
2.60295
2.81728
3.77034
4.33262
---------------------------------------------------


CD44:
3.18843
6.13273
6.47467
6.94576
12.5231
13.9804
14.2082
16.6056
18.4601
21.1674
23.3364
25.3094
28.9055
31.6929
32.8509
55.2018
60.4021
62.7277
63.7488
---------------------------------------------------


