OLIG2:
5.103
14.2829
14.3073
23.0547
23.9112
24.0474
24.5411
26.1212
26.7415
28.5032
30.4566
30.7677
34.3009
36.1364
50.5853
---------------------------------------------------


PDPN:
0.844071
16.6208
21.1108
21.2338
24.0786
24.7104
25.1616
25.3107
25.7286
28.9287
32.8495
33.5611
36.6259
37.3829
37.962
---------------------------------------------------


POSTN:
12.2486
21.3332
21.7442
22.6437
22.7448
23.765
24.7381
25.9962
26.4778
32.3365
32.9608
33.4559
33.4649
36.816
---------------------------------------------------


MECOM:
0.00315318
0.00448387
0.00697397
0.007363
0.0101926
0.037948
0.0610506
0.0858524
0.0927313
0.123
0.124093
0.138579
0.165753
1.1859
1.49098
1.77627
2.07318
2.13928
2.19122
2.20046
2.31128
2.37411
3.36551
9.23356
---------------------------------------------------


EZH2:
11.2582
11.6391
11.9347
12.3849
13.4837
14.1574
14.8157
15.7369
16.8101
16.9456
17.8346
17.8397
18.4703
19.3389
---------------------------------------------------


HIF1A:
2.52746
21.0866
22.3167
26.3516
30.2343
33.013
33.5248
36.1098
37.0055
38.1801
39.1539
42.8408
47.7173
49.3987
51.745
---------------------------------------------------


BIRC5:
3.64396
4.17034
4.25877
4.33594
4.37535
4.66024
4.7204
5.27166
5.44189
5.81104
5.87308
6.02263
6.17669
6.72738
---------------------------------------------------


ID1:
11.5361
13.5819
13.8354
18.1524
18.507
19.806
20.5818
23.1915
23.218
23.5465
25.347
25.7453
28.0404
29.107
---------------------------------------------------


ID2:
11.7139
11.8689
11.9287
13.0025
14.3023
14.4115
14.8868
15.0248
15.1274
15.3594
15.7998
15.9332
22.1437
25.2435
33.8347
---------------------------------------------------


IGFBP2:
9.83494
11.6758
14.7976
18.1091
19.3613
25.5235
26.1166
27.2546
30.9728
32.8647
34.0389
38.0038
41.5571
45.7057
47.6998
---------------------------------------------------


ITGA6:
4.50082
4.7321
4.99476
5.20446
5.22103
5.69506
6.24792
6.46744
6.50478
6.92801
7.20215
7.34856
7.52567
10.5082
---------------------------------------------------


DANCR:
2.59016
2.97631
3.25573
3.73635
4.11399
4.24041
4.35213
4.39069
4.42152
4.80904
5.30257
8.17583
8.94027
17.9648
---------------------------------------------------


MET:
0.391493
0.541615
0.741394
0.814897
0.992105
1.06927
1.18237
1.28617
1.78374
2.16126
2.2291
2.31791
2.34255
3.02159
6.96569
7.74179
---------------------------------------------------


MYC:
3.45668
9.10679
10.1231
10.7681
14.926
15.7252
16.8402
17.265
19.0865
19.7242
19.7436
22.1916
22.6596
24.0379
31.0544
---------------------------------------------------


NOS2:
14.0534
19.7455
25.1117
27.1129
27.2099
28.3587
28.5416
29.8332
35.489
35.5617
37.891
42.2852
44.073
45.8706
---------------------------------------------------


PDGFRA:
0.0648223
0.926807
1.19723
1.56041
1.62794
1.73283
1.82679
1.86743
2.06944
2.09374
2.25284
2.59174
3.09738
3.1208
3.39794
---------------------------------------------------


PI3:
0.170163
0.233325
0.280096
0.551525
0.667874
0.706718
0.805247
1.10297
1.56014
1.77306
1.97045
3.31734
3.87364
4.96691
---------------------------------------------------


TGFBR2:
0.110469
6.26234
8.60614
8.77543
8.81112
9.72764
10.261
10.2998
10.8368
11.9748
12.0869
13.3727
13.5719
14.4431
15.4799
15.6877
17.328
---------------------------------------------------


TNFAIP3:
0.77313
1.08254
1.23747
1.29876
1.31633
1.32046
1.40195
1.54637
1.61446
1.80378
2.01781
2.18717
2.92447
3.55712
---------------------------------------------------


PROM1:
0.270739
0.314308
0.484179
0.836416
0.975494
1.38212
1.62972
1.76713
1.87769
1.95724
2.59191
3.27251
3.44789
4.40877
---------------------------------------------------


CD44:
0.264021
7.48778
9.11624
10.1692
10.3305
10.5304
11.3046
12.3203
15.0314
17.9315
19.824
21.4389
24.9434
25.6829
36.8344
---------------------------------------------------


