OLIG2:
0.0
0.00175797
1.79843
2.41178
3.30076
3.90716
5.05696
5.57363
5.88882
7.21409
15.4287
25.4411
---------------------------------------------------


PDPN:
1.88867
6.77863
7.77306
8.80354
12.613
16.1429
16.8279
18.4315
21.18
40.0536
47.1092
---------------------------------------------------


POSTN:
0.0
0.0
4.21232e-11
1.24519
1.25203
1.44506
1.85407
2.24666
4.71658
5.16933
6.39586
---------------------------------------------------


MECOM:
0.0
0.145588
0.342921
0.354403
0.714072
1.00067
1.74452
1.86986
2.72835
2.87474
3.04367
---------------------------------------------------


EZH2:
3.80651
7.78088
12.1367
12.2149
14.3094
17.5174
18.7456
19.3366
22.9654
29.5244
---------------------------------------------------


HIF1A:
4.45784
6.28035
6.9244
7.5567
8.62874
15.9539
20.9509
38.5621
40.0696
40.8287
51.7709
53.2202
---------------------------------------------------


BIRC5:
0.0
0.213781
0.391326
0.454016
0.627166
0.68507
1.58653
2.03442
2.56883
4.53469
4.54046
8.77087
---------------------------------------------------


ID1:
0.0
0.16563
1.97956
3.84669
4.69561
7.15961
7.51067
8.79694
13.8815
16.4474
19.1252
19.6383
25.8301
---------------------------------------------------


ID2:
12.8292
17.9662
23.8416
29.1113
32.6685
35.4382
38.116
41.341
42.2871
50.5448
53.2102
---------------------------------------------------


IGFBP2:
9.57844
17.6156
22.5894
24.1402
35.3907
38.3327
40.9872
44.8533
68.6529
73.9634
86.0979
133.088
---------------------------------------------------


ITGA6:
0.135674
0.31271
0.858205
1.25361
2.61478
2.86662
2.96012
3.07099
3.59286
5.19347
5.49301
---------------------------------------------------


DANCR:
0.129835
0.425824
0.548728
1.49874
1.82837
2.30871
2.46093
3.48984
5.93671
6.01298
7.46001
7.56182
---------------------------------------------------


MET:
0.0
0.127166
0.1793
0.190289
0.204825
0.313274
0.390426
0.442577
0.567811
1.01893
1.37241
6.24755
---------------------------------------------------


MYC:
0.0
3.14416
12.8338
13.7304
18.5587
21.17
28.0578
28.6068
29.9853
39.4444
42.1283
50.614
---------------------------------------------------


NOS2:
0.141478
0.560421
0.771297
2.22806
3.85298
4.60156
5.22847
6.72355
6.80924
7.7073
12.6117
12.72
---------------------------------------------------


PDGFRA:
2.69242
5.99365
7.61806
9.5883
11.2335
12.9879
18.0075
20.363
20.4427
33.7086
---------------------------------------------------


PI3:
0.0
0.0
0.0543616
0.341271
0.849241
0.975965
2.6322
3.11803
3.51125
3.54888
3.86287
---------------------------------------------------


TGFBR2:
0.974953
1.21524
1.97861
2.74519
3.49872
4.76617
5.67257
9.83834
10.0668
10.3476
12.4541
---------------------------------------------------


TNFAIP3:
0.0
1.33876
1.72911
2.277
2.31676
2.35156
2.39811
4.09394
6.49866
7.44453
8.48872
10.3283
---------------------------------------------------


PROM1:
0.0668443
0.352342
0.389507
0.502683
0.57915
0.580331
1.00544
1.5564
2.07038
4.05427
---------------------------------------------------


CD44:
2.36675
19.9373
23.0818
26.0444
26.8328
27.3617
30.1415
32.5583
44.8476
50.8767
52.4902
68.8674
---------------------------------------------------


