OLIG2:
2.18362
3.93631
4.47818
5.86228
6.99141
8.75897
11.1691
11.5624
13.0017
13.9895
14.638
15.507
15.932
18.2111
---------------------------------------------------


PDPN:
0.0181233
0.0248875
0.0374045
0.0495325
0.0742859
0.087463
0.150073
0.160439
0.198
0.249452
0.273905
0.304815
0.33512
0.376914
---------------------------------------------------


POSTN:
0.121406
0.126992
0.244997
0.297763
0.333003
0.54686
0.570675
0.605634
0.697275
0.702952
1.11642
1.22978
1.31382
2.15714
---------------------------------------------------


EZH2:
0.341095
0.344415
0.385827
0.47709
0.528192
0.967338
1.09668
1.30605
1.44912
1.86066
2.14534
3.05775
3.58821
4.7238
---------------------------------------------------


HIF1A:
0.342206
0.379603
0.415445
0.619125
0.833812
1.19108
1.43292
1.66089
2.5614
3.7681
3.85117
4.35032
7.29068
7.78117
---------------------------------------------------


BIRC5:
0.0295588
0.050194
0.0760613
0.0785311
0.0831275
0.0922294
0.111203
0.111324
0.128419
0.1344
0.145603
0.218789
0.22886
0.250295
---------------------------------------------------


ID1:
1.97135
2.40709
3.25565
3.29095
3.63454
3.79773
4.28768
5.47967
5.55745
5.81845
5.85285
6.38475
8.61064
8.90222
---------------------------------------------------


ID2:
9.63417
10.1321
10.6038
13.1406
14.3845
14.4273
14.656
15.5861
19.2673
19.9075
20.3233
21.31
28.7411
40.2779
---------------------------------------------------


IGFBP2:
0.613115
1.22883
1.5192
1.75716
1.78628
2.57832
2.86268
2.8791
2.88671
3.02644
3.28081
4.9813
5.35962
13.2863
---------------------------------------------------


ITGA6:
0.509306
0.79847
0.887147
1.30899
1.31113
2.83756
3.39572
4.62039
4.62409
4.74888
4.86582
5.22024
5.23995
8.60812
---------------------------------------------------


DANCR:
0.942832
1.10158
1.12901
1.23397
1.29541
1.6461
2.37325
2.46514
2.78588
2.8482
3.12649
3.72731
4.39328
7.06736
---------------------------------------------------


MET:
0.0308933
0.0368236
0.0428208
0.104305
0.108574
0.134117
0.144399
0.222178
0.321697
0.789584
1.35345
2.19082
2.98419
6.85649
---------------------------------------------------


MYC:
0.0645876
0.0788684
1.33054
1.7385
3.68329
4.43374
4.7251
10.0688
10.3875
10.6816
11.0662
13.7517
14.1935
17.5519
---------------------------------------------------


NOS2:
0.397129
1.25383
1.30232
2.14539
2.16599
3.98285
4.01053
4.11446
4.23387
4.48578
5.09657
5.27186
9.1352
15.897
---------------------------------------------------


PDGFRA:
0.818275
0.942208
1.029
1.1449
1.92271
2.19351
4.12874
4.62382
4.93121
5.24711
5.31838
5.32304
6.05739
7.86781
---------------------------------------------------


PI3:
0.139586
0.190379
0.468269
0.506545
0.571466
0.582321
0.592546
0.630079
0.70555
0.71474
0.844435
1.11558
1.86308
2.82081
---------------------------------------------------


TGFBR2:
0.157134
0.511377
0.597936
0.77552
0.948348
0.96251
1.00198
1.01965
1.27097
1.3332
1.77186
1.85404
1.98776
2.24572
---------------------------------------------------


TNFAIP3:
0.054025
0.0896331
0.187402
0.204446
0.230425
0.247391
0.282349
0.29456
0.296654
0.343818
0.540948
0.648029
1.08221
1.54654
---------------------------------------------------


PROM1:
0.0957441
0.190246
0.213552
0.233904
0.252214
0.274664
0.305503
0.322235
0.330851
0.36234
0.371258
0.399285
0.502651
0.755677
---------------------------------------------------


CD44:
0.128501
0.227408
0.907577
0.977966
1.48753
2.1669
2.27493
2.45705
2.55135
3.36445
3.8799
4.06637
6.41244
6.94218
---------------------------------------------------


