OLIG2:
2.27997
3.22324
3.56606
4.92777
5.48886
6.92709
8.77068
8.84413
10.4996
10.9004
12.1392
12.1396
17.4376
23.5311
29.3515
---------------------------------------------------


PDPN:
12.4162
20.3212
21.788
24.2533
30.2136
31.6715
32.5862
33.6228
34.0045
40.3355
40.4089
43.2455
44.3327
48.3595
57.7547
---------------------------------------------------


POSTN:
1.70478
2.21229
2.33388
3.2643
4.56036
4.6019
4.66152
6.25911
7.13504
7.15502
8.66929
13.3777
14.4042
14.741
16.9391
---------------------------------------------------


MECOM:
0.111203
0.156687
0.381606
0.456874
0.466669
0.476863
0.800417
0.815403
1.03284
1.16668
1.19657
1.35386
---------------------------------------------------


EZH2:
2.54414
3.04739
3.54158
4.88475
5.10377
6.099
7.15844
7.39045
8.24215
10.7163
11.1017
12.9387
13.0103
14.3776
15.3764
---------------------------------------------------


HIF1A:
2.29726
3.28681
12.1997
12.4364
18.1229
20.5995
21.8012
23.3065
23.4022
26.6477
26.7316
27.8409
28.7849
29.34
45.4125
---------------------------------------------------


BIRC5:
0.0225277
0.120803
0.317926
0.35336
0.456675
0.485471
0.610095
1.06625
1.196
1.27472
1.35428
1.57295
1.72265
2.43899
2.67286
---------------------------------------------------


ID1:
7.91706
8.55863
9.25895
9.73076
10.5377
11.4362
12.6815
12.7997
13.8273
15.66
15.6873
16.0506
18.91
19.6898
33.7118
---------------------------------------------------


ID2:
5.05087
14.3511
16.3451
19.6804
21.768
24.5378
26.6526
27.4592
29.8061
33.6117
33.9549
34.1715
45.1375
46.0999
47.5353
---------------------------------------------------


IGFBP2:
7.89348
13.2123
15.0533
15.6197
19.0255
24.3656
25.4403
25.4817
27.7776
32.725
36.7709
40.0633
41.1722
46.8412
54.6928
---------------------------------------------------


ITGA6:
0.234553
0.710551
0.934457
0.973895
1.17505
1.37245
2.67734
2.82014
3.49915
4.16524
4.27724
4.50665
4.93005
5.55253
6.14478
---------------------------------------------------


DANCR:
1.0894
1.47423
1.51987
1.82392
2.5672
2.89699
3.00157
3.03461
3.203
4.36703
4.6534
4.81387
6.21285
6.61475
6.61802
---------------------------------------------------


MET:
0.256806
0.273809
0.47798
0.552438
0.674125
0.687451
0.729568
0.828044
0.831732
1.01554
2.37295
2.49972
2.62889
3.0182
3.88697
5.74156
---------------------------------------------------


MYC:
8.17041
11.6264
13.2438
14.2144
14.7944
15.5493
16.6911
18.5103
19.9795
22.1573
23.9457
30.1313
30.5763
30.6099
53.7982
59.1479
---------------------------------------------------


NOS2:
4.41674
4.75051
4.84581
5.61725
6.7766
8.5283
9.93799
10.4806
11.8278
12.5647
14.3913
18.5222
21.9762
22.7433
23.4369
---------------------------------------------------


PDGFRA:
1.94297
2.36729
2.57195
2.82083
3.11481
3.62554
4.14132
4.74388
5.39086
5.65202
5.95071
8.77782
9.61798
11.4552
11.9451
---------------------------------------------------


PI3:
1.09951
2.39763
2.51755
2.64181
3.97207
6.69098
6.73402
7.28081
8.23503
9.7084
9.74551
13.313
14.2265
21.6333
43.4029
45.5418
---------------------------------------------------


TGFBR2:
1.06218
2.69661
2.9166
3.38217
3.91704
4.83828
5.03459
7.1948
8.92943
8.97448
9.26352
10.3475
11.3259
12.9136
13.2896
15.9261
27.532
---------------------------------------------------


TNFAIP3:
0.842284
2.9397
5.65467
6.00339
7.28832
7.41746
8.59987
11.2793
13.4344
15.1308
16.6176
20.4455
26.5693
27.9717
29.4973
31.2632
---------------------------------------------------


PROM1:
0.0193205
0.0308634
0.150805
0.168881
0.289491
0.339544
0.433801
0.590133
0.688221
0.698619
0.903185
0.979829
1.30209
1.37949
3.86378
---------------------------------------------------


CD44:
16.4907
23.6884
24.1938
24.6888
25.6459
28.7093
33.1581
36.687
42.2993
47.4923
48.4677
50.0679
59.8815
62.2299
68.8615
---------------------------------------------------


