OLIG2:
11.851
18.8834
20.8604
22.1246
22.8431
28.361
33.3078
36.1662
36.2452
36.8637
37.0873
39.1402
43.7277
53.469
---------------------------------------------------


PDPN:
0.415127
1.16237
2.97679
5.10139
8.9421
12.3786
15.9647
17.93
24.5118
26.2275
31.0791
33.7296
39.479
41.3092
---------------------------------------------------


POSTN:
3.00154
4.15555
9.20791
9.47188
13.0669
18.4291
18.4396
20.3628
23.3088
24.9109
32.8404
32.8806
37.3171
44.1501
92.1104
---------------------------------------------------


MECOM:
0.048536
0.363076
0.770671
0.942347
1.19051
1.29978
2.00906
2.18765
2.21917
2.2389
2.94746
5.81551
---------------------------------------------------


EZH2:
4.41301
7.07315
8.84715
10.6262
11.5918
14.8372
16.3041
16.4786
17.5503
22.0852
25.6881
27.8348
34.0171
34.2319
---------------------------------------------------


HIF1A:
12.766
22.6781
23.9077
35.769
35.8631
36.1329
38.4077
39.5521
41.5854
44.22
44.909
45.3589
57.2614
58.9264
---------------------------------------------------


BIRC5:
0.223168
0.307465
0.341374
0.396551
0.443646
0.558736
0.671022
0.71022
0.719025
0.749137
0.780041
0.86645
0.984181
1.88052
---------------------------------------------------


ID1:
5.45695
7.10223
7.75495
9.68142
10.39
10.7359
10.9689
12.1294
16.6197
17.5694
17.7839
17.8839
20.2384
28.1613
---------------------------------------------------


ID2:
7.84351
10.9105
19.455
19.7137
20.404
20.5457
22.4833
26.1976
26.7349
27.5201
30.0675
30.5206
32.4975
34.8337
---------------------------------------------------


IGFBP2:
12.8538
20.5197
30.3982
33.6531
36.9123
40.5366
44.6414
49.9506
50.354
52.0369
53.5646
54.4053
54.4399
55.1841
---------------------------------------------------


ITGA6:
2.37236
3.67729
4.19665
4.851
5.43048
5.53401
5.59931
6.07838
6.12275
6.29096
7.76335
9.06489
9.60989
10.2517
---------------------------------------------------


DANCR:
4.82558
7.4632
7.87522
12.315
12.4933
13.4592
13.7397
13.8696
16.2279
17.2902
24.1176
24.8399
25.7009
25.8987
---------------------------------------------------


MET:
0.15913
0.476573
0.746627
0.816612
1.04932
1.61323
1.64061
1.65107
1.71711
3.04807
4.4359
7.80975
7.9751
9.22447
---------------------------------------------------


MYC:
11.1388
17.6361
18.2377
21.3523
30.7071
33.6686
35.4238
35.8775
37.9379
38.3707
41.1975
43.5507
43.5637
53.4566
---------------------------------------------------


NOS2:
2.569
5.56991
5.89446
7.36085
10.6269
13.4548
13.721
14.4205
16.7467
23.6739
25.5263
25.7795
29.6999
30.6914
---------------------------------------------------


PDGFRA:
7.34941
12.3171
14.4142
16.0294
17.2392
24.6458
29.2084
30.6944
31.5918
32.5048
35.0141
37.2563
41.9776
45.9073
57.3432
---------------------------------------------------


PI3:
0.677408
1.20422
1.83934
1.8941
2.50097
2.59511
4.56106
5.80284
10.0003
10.2051
10.7444
10.9301
14.5429
14.6932
---------------------------------------------------


TGFBR2:
3.97972
6.22943
6.82139
7.97295
9.47487
9.87023
10.7993
14.8307
15.5666
17.0251
17.6505
21.73
25.4805
25.5311
---------------------------------------------------


TNFAIP3:
0.997012
1.85487
2.25471
2.37938
2.42601
3.02584
3.27195
3.63499
4.36788
4.92152
6.00555
7.56533
7.87384
8.16592
---------------------------------------------------


PROM1:
1.43792
1.50197
2.05227
2.2648
2.78491
2.86655
2.93573
2.96607
3.04952
3.0863
3.9428
4.18543
6.27563
8.23555
11.3898
---------------------------------------------------


CD44:
29.6551
29.8931
36.6605
42.4113
45.4819
45.5705
45.8815
48.7076
53.4009
56.2618
57.2813
57.7314
58.3289
59.3924
---------------------------------------------------


