OLIG2:
2.75054
7.02925
13.0803
17.3601
19.095
20.2876
23.0146
29.1318
30.6548
---------------------------------------------------


EZH2:
0.378785
6.688
8.96599
11.7073
11.8418
13.3177
18.4856
20.6555
21.7689
33.8898
---------------------------------------------------


HIF1A:
1.05364
16.8096
20.5378
27.8227
30.1973
39.1563
39.2461
46.4373
60.372
---------------------------------------------------


ID1:
0.0
8.23126
8.69333
13.0752
13.2056
14.1481
19.2553
30.9685
58.4584
---------------------------------------------------


IGFBP2:
19.4602
22.7045
32.135
34.7042
37.5492
41.7995
56.7962
64.1856
76.3937
---------------------------------------------------


ITGA6:
0.0
0.493421
2.87592
3.54902
5.0134
6.02534
6.2503
9.88842
14.9852
---------------------------------------------------


MET:
0.0
0.0
0.0718766
0.884454
1.0495
2.14285
2.47293
2.60781
3.12171
9.33258
---------------------------------------------------


MYC:
4.29629
9.77138
18.6465
19.614
25.928
26.3819
31.4858
31.6219
38.9796
43.3801
---------------------------------------------------


PROM1:
0.0
0.0987443
1.01551
1.06194
1.76864
2.16383
2.23446
2.94311
3.64806
6.82051
---------------------------------------------------


CD44:
17.3676
24.6933
29.5969
38.0617
38.4341
57.3669
61.5084
74.9913
90.6977
---------------------------------------------------


