OLIG2:
0.615007
6.70039
8.50391
10.0171
10.2881
13.4903
14.2292
14.2749
15.0061
15.1483
16.7115
16.7386
19.6145
25.2553
---------------------------------------------------


PDPN:
1.45059
1.98454
5.98181
6.3437
8.16363
10.2767
12.8502
13.5779
18.1462
18.2209
22.944
29.3989
38.6054
41.9871
---------------------------------------------------


POSTN:
18.0863
18.3174
21.1106
22.2313
22.6144
23.1356
24.4952
24.6761
26.5444
27.0279
34.0864
38.0735
41.4269
46.1437
51.7745
---------------------------------------------------


MECOM:
0.0536408
0.160653
0.19522
0.226605
0.3665
0.367666
0.440602
0.44188
0.470806
1.19815
9.038
---------------------------------------------------


EZH2:
1.63319
1.69018
2.19121
2.31161
2.32899
2.34809
2.39369
2.66966
3.09588
3.13065
3.67089
3.93827
6.338
6.34188
---------------------------------------------------


HIF1A:
5.62028
8.09233
8.3788
12.6495
13.0899
15.3194
19.0185
19.8198
20.5547
21.1847
32.4911
40.9833
44.3388
60.8418
---------------------------------------------------


BIRC5:
0.168522
0.299171
0.341659
0.375089
0.442339
0.468418
0.500507
0.67552
0.712196
0.730437
0.752466
0.836505
1.15768
2.73216
---------------------------------------------------


ID1:
3.65518
3.83927
4.04002
13.2008
16.6511
18.1551
21.1558
22.9417
23.0082
23.2481
28.6581
41.881
45.9976
47.8669
---------------------------------------------------


ID2:
2.27242
5.6394
10.2231
12.5184
14.179
15.1156
15.2375
15.8544
19.2935
24.8363
27.7474
28.2401
34.5083
75.1864
---------------------------------------------------


IGFBP2:
6.31839
9.39852
14.776
18.487
18.9696
19.4442
23.8978
25.354
26.0033
26.1821
28.1367
47.9371
52.6064
75.5903
---------------------------------------------------


ITGA6:
0.247964
0.624235
0.987924
1.28003
1.36819
1.44065
1.56656
1.57552
1.70653
1.97031
2.05672
2.38871
2.82051
3.21143
---------------------------------------------------


DANCR:
0.284105
0.360835
0.700053
1.30913
1.6455
2.18553
2.43944
2.81219
2.91109
2.94579
3.04778
5.50618
7.61216
8.58143
---------------------------------------------------


MET:
0.0686162
0.0911579
0.173614
0.331327
0.823747
1.57788
1.58847
4.22129
5.3089
6.61549
6.91372
11.2217
13.5467
16.1639
---------------------------------------------------


MYC:
0.0154273
0.0182475
0.0236957
0.031293
0.0852049
0.388595
2.90306
5.23026
5.24265
8.88312
11.2199
13.4526
25.0072
27.4074
---------------------------------------------------


NOS2:
1.3347
2.38013
7.11959
12.6661
13.1208
14.3878
15.3802
16.633
17.6393
18.126
18.4094
23.4037
25.8643
31.7186
37.1321
---------------------------------------------------


PDGFRA:
9.73095
10.5495
13.045
17.3516
18.4954
19.1085
19.5597
20.3247
20.5158
23.9749
24.5405
31.6139
38.1184
41.8656
---------------------------------------------------


PI3:
0.06151
0.197631
1.13687
1.48407
3.64561
4.27258
5.72346
8.38097
10.0895
11.3009
13.1878
13.9508
14.8273
27.9165
48.3631
---------------------------------------------------


TGFBR2:
3.30311
3.7023
6.49372
6.72429
10.0754
10.9695
11.5092
11.8675
12.2196
12.4234
12.738
16.8814
31.7575
32.4891
36.3673
---------------------------------------------------


TNFAIP3:
0.186929
0.350142
0.377185
0.419791
0.997022
1.58532
2.02881
2.49045
2.69409
4.07093
4.474
5.53641
5.78698
5.87785
5.95078
---------------------------------------------------


PROM1:
0.0623084
0.103272
0.13399
0.143245
0.248119
0.251479
0.390921
0.582245
0.797638
0.798314
0.812976
0.854213
1.185
1.47857
---------------------------------------------------


CD44:
10.6549
10.955
12.7226
24.7199
26.3851
28.3582
28.7001
31.0482
34.9806
35.8763
47.1675
49.3953
61.7184
69.0255
---------------------------------------------------


