OLIG2:
10.9603
21.1843
26.1039
30.1223
33.1384
42.4123
45.1868
49.5288
53.3935
64.1958
70.8771
77.5556
78.125
79.9508
82.6061
110.619
---------------------------------------------------


PDPN:
0.0651347
0.0916434
0.114964
0.117375
0.122807
0.158071
0.179441
0.225412
0.297258
0.34254
0.37709
0.403988
0.505606
0.56034
0.666086
1.33086
---------------------------------------------------


POSTN:
1.82088
2.77325
2.97128
4.50188
5.07925
5.66655
5.86146
6.14467
8.08535
8.65562
10.4269
10.4587
10.4821
16.198
16.9513
20.0813
---------------------------------------------------


EZH2:
4.23341
4.26482
4.47325
4.56347
5.80757
10.2322
12.0508
12.313
17.57
17.7418
25.5961
28.7086
30.0719
32.8503
65.3089
68.3486
---------------------------------------------------


HIF1A:
1.82213
4.63264
4.8325
4.97738
8.04547
9.27738
9.57886
9.78313
14.7792
14.936
17.6148
20.4203
29.2056
31.7421
37.7157
45.0441
---------------------------------------------------


BIRC5:
0.259116
0.306797
0.323387
0.324769
0.352065
0.582709
0.769282
0.889845
0.911779
1.12798
2.40894
2.61436
3.49383
5.5994
6.69193
7.48093
---------------------------------------------------


ID1:
4.9063
11.0794
12.8008
14.1399
15.1389
16.7961
28.5918
32.3593
34.0939
35.6853
52.7856
57.5891
58.7998
61.2626
75.8353
84.0431
---------------------------------------------------


ID2:
5.81716
6.11555
6.37729
9.98815
12.3936
15.4478
25.1214
26.2674
28.7477
38.5238
39.4385
39.6259
42.6214
48.4124
61.754
78.58
---------------------------------------------------


IGFBP2:
0.655279
0.906124
0.935481
1.06264
1.34664
1.43063
2.67938
2.71188
3.77409
4.28584
4.94058
6.76093
6.92144
8.82842
12.3744
12.672
---------------------------------------------------


ITGA6:
1.30933
1.79782
1.8897
2.01387
2.60664
2.969
3.1912
3.30136
3.33795
3.42642
3.54885
3.78532
3.97699
7.45852
7.87204
10.7595
---------------------------------------------------


DANCR:
1.82503
2.2087
2.4706
3.86526
4.03144
4.47911
5.14955
6.48271
6.94821
7.88616
8.26658
10.7142
11.0222
18.4182
22.4371
34.113
---------------------------------------------------


MET:
0.0861777
0.0905513
0.103182
0.117403
0.135883
0.162113
0.189503
0.204585
0.216306
0.353355
0.411138
0.420593
0.575186
1.07868
1.11555
1.15166
---------------------------------------------------


MYC:
4.85541
4.97519
11.4646
11.6725
18.4603
20.5311
21.6204
26.6842
29.5089
32.0337
41.5631
41.6622
47.0102
50.6238
54.6235
59.9369
---------------------------------------------------


NOS2:
0.738506
1.5168
1.95436
2.37599
3.64726
5.08744
5.3745
5.42499
6.34741
8.54619
9.25067
10.2819
11.0235
25.9285
27.0712
32.1798
---------------------------------------------------


PDGFRA:
5.46778
12.8385
13.134
13.7938
14.6911
18.7244
18.9748
23.4001
26.1732
32.822
39.7258
43.2831
43.8927
47.9324
56.5049
61.313
---------------------------------------------------


PI3:
0.235067
0.289757
0.346767
0.526703
0.527476
0.617895
1.15027
1.18982
1.39074
1.51254
1.7872
1.78809
4.92649
12.2941
19.9168
26.3226
---------------------------------------------------


TGFBR2:
1.0268
1.17495
1.46883
2.34981
2.51613
2.90976
2.97447
3.68582
4.0707
4.2856
4.94879
6.99685
9.8465
10.1611
14.8604
28.5155
---------------------------------------------------


TNFAIP3:
0.307332
0.348958
0.370644
0.468138
0.724241
0.765875
0.828639
0.86084
0.961467
1.00509
1.14573
2.47232
2.98345
3.04057
4.01669
4.77453
---------------------------------------------------


PROM1:
0.446158
0.556432
0.787073
0.813091
0.954649
1.01609
1.15218
1.28907
1.46206
1.48836
1.70722
1.91984
3.12797
3.14443
3.30792
4.72581
---------------------------------------------------


CD44:
1.91797
2.58301
5.00236
5.72808
8.44891
8.48446
8.90805
9.32437
10.5382
14.1533
14.4895
18.6197
33.0852
33.696
35.0399
35.6048
---------------------------------------------------


