OLIG2:
4.64178
6.81509
7.59462
17.6102
22.6153
24.9327
29.5947
30.1204
33.1815
34.7182
---------------------------------------------------


PDPN:
0.441761
7.31673
8.86372
14.2339
17.3958
18.0714
19.3785
24.6504
32.3081
45.9892
---------------------------------------------------


POSTN:
0.0548385
0.36038
0.395886
0.435004
0.776988
1.06381
1.68382
1.94594
2.05323
2.53458
---------------------------------------------------


MECOM:
0.121224
0.166463
0.610615
0.70178
0.818069
0.845342
0.954224
1.20438
1.39069
---------------------------------------------------


EZH2:
0.480512
0.752079
0.993617
6.48236
6.79444
7.40652
7.49573
9.81304
10.9303
12.5272
---------------------------------------------------


HIF1A:
0.5925
0.862355
5.16623
7.1409
9.0768
9.79011
10.7749
10.8809
12.1551
12.2623
16.7738
---------------------------------------------------


BIRC5:
0.739784
0.750696
1.35558
3.22761
4.29714
5.73954
9.23993
9.37272
9.64667
11.7646
---------------------------------------------------


ID1:
0.572627
2.05998
4.73385
9.68242
14.3414
14.6425
17.0709
17.4567
19.9232
30.0784
---------------------------------------------------


ID2:
3.61048
9.69015
10.6802
24.34
26.6051
26.712
29.9342
33.2828
35.5131
37.4689
---------------------------------------------------


IGFBP2:
26.422
26.7824
27.0713
30.1302
31.4585
33.9534
38.3024
42.6482
43.7473
54.3944
---------------------------------------------------


ITGA6:
0.264054
0.47575
0.754906
1.71222
3.08618
4.11854
4.4723
6.26235
7.40003
8.07442
---------------------------------------------------


DANCR:
0.790278
0.872135
1.50259
1.53491
2.04773
2.74581
3.63006
4.14199
4.33187
8.34722
10.9649
---------------------------------------------------


MET:
0.00243059
0.0146664
0.0220454
0.0270028
0.039201
0.0715257
0.0854753
0.0941142
0.136372
0.174106
---------------------------------------------------


MYC:
0.417723
2.31692
3.95194
4.98235
9.37306
12.1677
13.7102
13.7226
15.8299
21.3263
---------------------------------------------------


NOS2:
0.131503
0.302379
0.310023
1.41995
1.46039
2.07891
2.82297
3.4319
3.69959
4.27048
---------------------------------------------------


PDGFRA:
30.452
30.7186
39.9933
40.0621
42.2353
43.6315
49.2026
49.3721
56.2005
57.5846
---------------------------------------------------


PI3:
0.0485785
0.0613512
0.172258
0.34132
0.373112
0.489299
0.773553
1.34079
3.99584
4.24013
---------------------------------------------------


TGFBR2:
0.311415
0.966976
0.988974
1.21627
1.78622
2.11366
5.23778
5.4108
5.72458
11.7134
---------------------------------------------------


TNFAIP3:
0.109475
0.137438
0.262259
0.4305
0.651667
0.777418
1.0042
1.55695
2.17372
3.72967
---------------------------------------------------


PROM1:
5.72051
8.56484
8.84692
21.5631
23.0405
23.3291
24.6996
26.1111
26.2291
29.8174
38.1894
---------------------------------------------------


CD44:
2.23934
6.02058
16.2479
17.8445
22.4449
23.7966
25.9146
28.1427
32.9442
46.0642
---------------------------------------------------


