OLIG2:
2.4181
3.54244
4.51811
5.01988
6.52935
8.30175
15.0997
15.2622
15.3674
17.0152
33.135
---------------------------------------------------


PDPN:
6.02965
11.7779
15.3082
16.0056
19.8024
20.0769
22.4195
22.6073
22.9974
31.2862
36.0703
54.092
---------------------------------------------------


POSTN:
0.0
4.72891
9.28987
14.2491
15.0651
20.3246
20.3809
25.6519
29.4101
31.3119
32.0831
39.9158
---------------------------------------------------


MECOM:
0.240669
0.67825
0.95825
1.5862
1.58725
1.62308
2.95915
6.56987
8.34161
8.72878
---------------------------------------------------


EZH2:
1.51114
2.36381
3.42926
4.61843
5.19205
5.20567
8.41694
8.95374
11.9815
13.4491
14.8683
19.4059
---------------------------------------------------


HIF1A:
13.5218
15.2845
18.3389
20.7579
21.567
22.6252
24.3399
27.3208
30.3308
37.2958
45.2848
55.7216
---------------------------------------------------


BIRC5:
0.054849
0.574014
0.660128
0.80118
1.32558
2.3905
2.7378
3.82392
4.64568
5.81189
7.32673
7.35991
---------------------------------------------------


ID1:
8.95323
11.7775
12.7604
14.1943
14.4664
20.5128
20.9877
23.3328
24.6808
26.6839
33.4238
56.0799
113.557
---------------------------------------------------


ID2:
1.31945
3.61101
9.5869
12.7378
13.3787
18.3225
18.3228
23.907
25.465
27.3246
32.9426
---------------------------------------------------


IGFBP2:
6.83456
9.46351
11.2282
14.1415
17.8034
18.6336
22.7281
22.8344
23.2709
24.2957
37.2416
60.3042
---------------------------------------------------


ITGA6:
2.36468
2.413
3.17375
3.83264
5.41845
6.57428
6.87329
7.86882
9.39354
10.3374
13.1336
13.3172
18.8205
---------------------------------------------------


DANCR:
0.336559
0.952041
1.23667
1.34798
2.1033
2.885
4.14901
4.19326
4.7628
5.57666
7.43205
8.27264
14.2736
---------------------------------------------------


MET:
0.16295
0.31825
0.530084
0.679664
0.970283
1.73053
1.81603
2.05602
2.25993
2.43498
2.62495
3.31762
---------------------------------------------------


MYC:
5.60435
11.1264
12.2693
13.2741
14.445
15.251
16.7338
17.4976
17.9369
19.8416
24.8856
30.788
---------------------------------------------------


NOS2:
0.961448
1.0112
1.66501
1.99534
2.05364
2.96353
3.35875
3.63874
4.15326
4.44967
10.5139
13.0443
---------------------------------------------------


PDGFRA:
5.09152
9.08989
9.16606
9.87282
9.98751
12.6368
13.1091
14.9233
15.465
16.7246
18.8941
31.395
---------------------------------------------------


PI3:
0.0571756
0.0683823
0.103007
0.187535
0.235733
0.841121
1.01724
1.63793
1.93942
2.10368
3.49722
6.24524
---------------------------------------------------


TGFBR2:
5.18157
6.51662
8.35443
9.47367
10.8977
11.0637
14.0337
16.2688
18.7983
23.6833
23.717
24.8439
---------------------------------------------------


TNFAIP3:
1.30495
1.4035
1.87402
2.41999
2.71917
2.94368
5.83532
6.87522
8.18542
9.15038
10.9041
17.4655
---------------------------------------------------


PROM1:
0.555224
1.31846
1.72653
2.46508
2.62713
3.21534
4.06506
5.60244
6.08188
7.47914
7.80123
10.0232
---------------------------------------------------


CD44:
14.4203
14.5244
17.8455
18.9009
20.2152
23.5403
25.1911
30.8914
34.3272
36.6732
38.4909
41.6432
---------------------------------------------------


