OLIG2:
1.95437
8.17984
8.30652
8.38291
9.41472
11.5802
12.9031
13.162
17.1795
---------------------------------------------------


PDPN:
0.0401772
0.0494151
0.0538775
0.0699723
0.0902053
0.0928061
0.108186
0.25347
0.348959
---------------------------------------------------


POSTN:
0.134702
0.148327
0.223846
0.241914
0.268437
0.297107
0.469352
0.616585
0.998931
---------------------------------------------------


EZH2:
18.6897
20.4432
22.5567
22.5794
24.94
24.96
27.3636
28.1604
31.3268
---------------------------------------------------


HIF1A:
2.76738
3.75946
7.33016
7.55559
8.09405
9.12903
9.87745
9.95877
10.2149
---------------------------------------------------


BIRC5:
2.45213
4.29381
5.5588
6.55989
8.44442
8.4815
8.7135
9.34221
9.51051
---------------------------------------------------


ID1:
1.79938
3.25318
6.35609
8.98994
9.16448
10.9997
12.3642
14.4843
16.8834
---------------------------------------------------


ID2:
4.70383
5.48699
6.27444
7.26158
7.47737
7.59384
7.84746
8.39664
11.4997
---------------------------------------------------


IGFBP2:
4.29676
4.69214
6.00602
6.2728
6.57713
9.15023
10.6246
20.1553
20.8519
---------------------------------------------------


ITGA6:
0.0900997
0.245858
0.24897
0.88267
0.896787
1.43646
1.56525
1.74297
1.9471
---------------------------------------------------


DANCR:
0.282922
0.645814
1.01538
1.05766
1.21335
1.23748
2.1865
2.21002
2.52159
---------------------------------------------------


MET:
0.0200757
0.0245048
0.0404085
0.0434219
0.0522322
0.0530913
0.0588636
0.212476
0.285931
0.373141
---------------------------------------------------


MYC:
4.67389
4.90183
6.75731
7.34126
10.0443
10.3103
11.1764
13.2661
16.3596
---------------------------------------------------


NOS2:
0.716756
0.802447
0.834264
0.975272
0.994444
1.65271
1.85408
1.88066
3.19498
---------------------------------------------------


PDGFRA:
0.463753
0.497545
0.519113
3.93417
4.87272
5.15103
5.19048
5.80082
6.2524
---------------------------------------------------


PI3:
0.0248575
0.0815598
0.0824314
0.0851859
0.145301
0.184979
0.348437
0.498349
0.76813
---------------------------------------------------


TGFBR2:
0.769557
0.909698
1.27834
1.29975
1.71155
1.71318
2.32763
2.39701
2.6977
3.08956
---------------------------------------------------


TNFAIP3:
0.216785
0.367269
0.395261
0.410335
0.446919
0.520682
0.544014
0.675114
0.828607
---------------------------------------------------


PROM1:
0.219738
0.260843
0.380908
0.456199
0.53858
0.570936
0.710077
1.18535
1.18718
---------------------------------------------------


CD44:
1.83391
2.24762
3.59385
6.26249
7.9098
9.36457
10.7023
10.7851
11.894
---------------------------------------------------


