BIRC5:
0.0
0.00880913
0.0156665
0.0211197
0.0382023
0.129122
0.209249
0.270578
0.497332
---------------------------------------------------


DANCR:
0.0
0.0228893
0.0480844
0.0922358
0.111662
0.137149
0.288912
0.38704
0.619718
0.680639
---------------------------------------------------


CD44:
0.114609
0.149944
0.213855
0.221966
0.321027
0.446285
1.22593
3.41328
6.88252
---------------------------------------------------


EZH2:
0.365228
0.615743
0.629483
0.633803
0.698475
0.725483
0.799717
0.871246
1.03131
---------------------------------------------------


HIF1A:
0.0674725
0.0952052
0.186911
0.316339
0.61351
2.33144
2.44949
2.80291
2.99773
5.92688
---------------------------------------------------


ID1:
0.0
0.239162
0.285288
0.490508
0.541696
1.18598
1.44242
1.7015
2.40531
3.78205
---------------------------------------------------


ID2:
1.42176
2.18663
2.47064
3.34198
4.69141
6.61028
9.24787
9.42893
12.9558
26.144
---------------------------------------------------


IGFBP2:
7.21736
12.5612
15.6299
15.771
16.073
21.2092
23.7351
25.8914
26.4337
---------------------------------------------------


ITGA6:
0.0690202
0.080616
0.202672
0.264759
0.272651
0.452583
0.655989
0.65835
0.812704
1.32028
---------------------------------------------------


MET:
0.0
0.00200545
0.010996
0.013519
0.0514187
0.0590392
0.0639208
0.0653912
0.0872192
0.121299
---------------------------------------------------


OLIG2:
1.14443
2.5864
2.87068
5.26691
10.0298
12.9734
15.8998
16.1734
16.4237
16.5521
---------------------------------------------------


PDPN:
0.0
0.0761688
0.0783593
0.0875628
0.398338
0.499162
0.529612
0.672241
3.58787
9.59009
---------------------------------------------------


POSTN:
0.0330147
0.0849494
0.124708
0.234622
0.255373
0.272147
0.299128
0.452209
0.531133
---------------------------------------------------


MYC:
0.0878948
0.162131
0.321471
0.421302
0.968547
1.13453
1.53376
1.63022
6.46875
10.056
---------------------------------------------------


NOS2:
0.0440469
0.176645
0.191589
0.397954
0.800658
0.987585
1.84036
1.94518
2.29363
4.7445
---------------------------------------------------


PDGFRA:
0.282902
0.423708
0.606711
0.983029
1.35787
1.36621
1.51382
2.96596
5.74883
---------------------------------------------------


PI3:
0.0
4.56253e-10
0.00738163
0.00967443
0.0125136
0.0144922
0.0761996
0.0856633
0.15728
0.95526
---------------------------------------------------


TGFBR2:
0.0
0.00598217
0.160788
0.297583
0.359931
0.743771
0.81363
1.09666
1.16233
1.68517
---------------------------------------------------


TNFAIP3:
0.0
0.00371646
0.037986
0.0420487
0.0453666
0.0740391
0.103162
0.12572
0.201112
---------------------------------------------------


PROM1:
0.00232108
0.103014
0.149067
0.388143
0.395746
0.507101
0.764851
0.867245
1.10811
---------------------------------------------------


