OLIG2:
4.49001
5.95676
8.62386
9.0101
9.59542
10.3474
10.8066
12.9066
13.0043
14.5222
15.1466
20.9819
32.4921
60.9439
---------------------------------------------------


PDPN:
0.00711453
0.0832281
0.124065
0.142443
0.159746
0.160131
0.242643
0.286052
0.337426
0.438788
0.512572
0.733881
0.888265
1.00341
2.82746
---------------------------------------------------


POSTN:
0.074867
1.4634
1.47108
1.59596
1.61911
1.68066
2.00625
2.06818
2.54765
2.62187
3.08473
3.11113
3.49602
5.40176
5.40479
---------------------------------------------------


MECOM:
0.0
0.000316621
0.0326286
0.0609137
0.0819807
0.0989158
0.143229
0.277872
0.301965
0.515537
0.59836
1.33635
1.46579
1.73646
1.7631
1.83078
2.23748
11.9682
---------------------------------------------------


EZH2:
0.717757
0.908569
1.66959
1.76668
2.76163
2.94752
3.07416
3.11552
3.22677
4.30641
4.49281
5.65271
5.85108
23.8818
---------------------------------------------------


HIF1A:
2.9496
6.29411
6.38528
7.32162
8.05503
8.6818
9.47399
10.0512
11.8034
13.0646
13.859
15.8008
23.7737
24.2463
---------------------------------------------------


BIRC5:
0.241329
0.563377
0.596166
0.782399
0.920336
0.958072
0.995228
1.0404
1.28386
1.63343
1.80897
1.8926
2.07813
4.87199
---------------------------------------------------


ID1:
2.1307
3.46299
3.53931
3.57135
3.91306
4.15329
4.32285
4.55127
4.83074
4.87917
5.47576
5.7587
5.92416
6.67668
---------------------------------------------------


ID2:
4.36566
4.73706
9.32119
11.8504
17.9816
19.2831
25.6255
30.4904
33.4027
38.1176
40.5006
42.9524
43.5943
54.2776
---------------------------------------------------


IGFBP2:
1.28759
1.67489
2.46939
5.3925
6.31361
6.65797
10.1548
10.221
13.1215
17.7603
18.5763
23.3914
25.7317
27.6129
40.543
---------------------------------------------------


ITGA6:
1.34741
2.02695
2.39752
2.61622
2.9373
3.04458
3.05284
3.35564
3.55002
3.82468
3.89795
5.13188
5.93218
13.0708
---------------------------------------------------


DANCR:
0.261691
0.645214
1.11794
1.28225
1.49921
1.59775
1.92855
2.23533
2.46953
2.8319
2.89363
3.54534
4.87774
9.59893
---------------------------------------------------


MET:
0.280105
0.457365
0.845631
0.916692
1.04563
3.38387
3.62233
3.74548
3.76873
4.07512
4.28397
5.95437
8.93309
9.09339
---------------------------------------------------


MYC:
5.11323
7.58498
9.40917
9.71372
10.5024
13.436
13.8872
25.4238
25.8885
29.3664
29.9131
29.9512
32.9043
38.4355
---------------------------------------------------


NOS2:
0.281679
3.46371
5.12275
6.96827
8.01242
8.18869
8.68235
9.36898
9.51888
10.7315
10.7671
11.9317
15.22
19.4466
---------------------------------------------------


PDGFRA:
1.68153
2.6194
3.91184
4.2173
4.37972
4.3833
4.58157
4.90941
4.93914
4.95849
5.11121
7.56037
11.7361
15.4796
---------------------------------------------------


PI3:
0.157772
0.184006
0.361537
0.387799
0.478271
0.514767
0.86789
1.10602
1.21781
1.35197
3.00588
3.31262
3.53954
4.85111
---------------------------------------------------


TGFBR2:
1.06416
3.09073
3.59744
3.89554
4.94705
5.29801
5.62442
6.03526
6.15455
9.63046
10.7103
12.6503
16.1354
16.5547
30.5621
---------------------------------------------------


TNFAIP3:
0.166477
0.280197
0.509142
0.534126
0.873821
0.984212
1.00541
1.05874
2.4101
2.41052
4.89543
8.3047
8.56277
9.19405
17.6825
---------------------------------------------------


PROM1:
0.652202
0.715062
0.821954
0.826722
0.926849
1.03783
1.11258
1.36643
1.38064
1.39955
1.82282
2.3261
2.50961
2.72683
3.39369
---------------------------------------------------


CD44:
1.05282
1.16058
1.20168
1.87834
2.28584
2.56608
2.72846
4.01429
4.14883
4.42222
4.78609
5.31408
5.87857
8.74208
---------------------------------------------------


