OLIG2:
5.66398
6.8347
9.51366
11.8945
13.4342
15.0163
17.2897
22.3108
22.882
23.8351
32.4959
36.1637
---------------------------------------------------


PDPN:
0.0314022
0.0425335
0.0464682
0.0975714
0.101272
0.126919
0.131406
0.15009
0.166234
0.234701
0.249502
0.350746
---------------------------------------------------


POSTN:
0.505674
0.56172
1.60515
1.88122
2.95888
4.26609
5.3546
6.0776
6.12319
7.19545
10.2334
12.7902
---------------------------------------------------


EZH2:
1.62481
2.5361
3.23228
3.37617
9.18086
11.0638
15.5464
17.0843
21.1324
25.2628
33.7365
39.6142
---------------------------------------------------


HIF1A:
0.732082
1.03919
1.18709
1.51181
1.61669
1.95232
2.09955
4.07089
5.99625
6.12966
7.63633
10.0758
---------------------------------------------------


BIRC5:
0.0744262
0.216827
0.356408
0.498365
0.667266
0.73839
0.773894
0.870434
1.7638
1.96543
2.10742
3.49826
---------------------------------------------------


ID1:
3.05693
3.12473
3.56578
3.71416
5.27268
6.36335
6.64504
6.98168
7.78112
10.4002
11.4229
17.1607
---------------------------------------------------


ID2:
5.87651
6.29822
9.4411
11.4481
11.6954
20.2357
37.0633
44.0423
48.958
57.383
80.4476
84.3357
---------------------------------------------------


IGFBP2:
2.31182
5.37006
5.4092
6.81746
11.0778
12.9365
15.1847
22.2643
24.3987
34.1894
59.3695
68.2605
---------------------------------------------------


ITGA6:
0.398171
0.437486
0.567372
0.787326
0.875753
0.950964
0.97329
1.81145
2.28153
2.46747
4.22564
4.9139
---------------------------------------------------


DANCR:
1.08929
2.55721
3.13193
4.57285
5.55464
6.89973
7.10316
9.84808
10.2776
14.095
19.0945
24.0893
---------------------------------------------------


MET:
0.169213
0.177497
0.219038
0.380958
0.461013
1.38196
1.51117
1.71802
2.96341
4.03343
5.10168
9.61703
---------------------------------------------------


MYC:
1.057
4.08948
8.4706
10.4873
13.7401
26.4904
27.6702
29.7624
38.3823
43.787
49.8583
56.1233
---------------------------------------------------


NOS2:
0.425825
2.79721
5.80211
7.27626
13.3641
18.1957
23.4632
28.7216
33.5733
35.7549
46.8955
56.2796
---------------------------------------------------


PDGFRA:
1.69856
1.81774
2.04054
2.11614
3.95963
4.25114
5.30046
5.65992
6.66231
7.39842
9.74926
12.2481
---------------------------------------------------


PI3:
0.435768
0.660434
0.881481
1.4517
1.67403
2.07295
4.22857
6.12835
6.86747
8.95591
11.3102
23.7041
---------------------------------------------------


TGFBR2:
0.0485714
0.0628541
0.123614
0.149815
0.591426
0.593931
1.40325
2.11247
4.59527
11.3607
17.0315
18.5798
---------------------------------------------------


TNFAIP3:
0.334905
0.339354
0.562715
0.613066
0.954711
1.09667
1.51678
2.73787
2.9991
3.14479
3.97524
7.83848
---------------------------------------------------


PROM1:
0.598842
0.606691
1.90306
2.60642
2.6334
2.71113
2.88745
5.32641
6.39636
7.28687
10.2954
14.7708
---------------------------------------------------


CD44:
1.69982
1.84006
1.94649
3.83633
4.91737
5.13384
5.89963
5.98442
7.53922
9.16497
9.94638
11.527
---------------------------------------------------


