OLIG2:
12.044
16.2981
32.1406
36.4476
58.2017
---------------------------------------------------


PDPN:
2.26599
2.96085
4.10397
4.81705
7.44378
---------------------------------------------------


POSTN:
0.583845
0.858987
2.60374
2.61141
2.86067
---------------------------------------------------


MECOM:
0.0
0.610836
0.744077
---------------------------------------------------


EZH2:
1.64881
1.7241
2.09172
2.62864
7.02891
---------------------------------------------------


HIF1A:
5.5986
11.2561
14.5564
22.1381
31.8533
---------------------------------------------------


BIRC5:
0.394395
1.87723
1.90643
2.20135
10.6004
---------------------------------------------------


ID1:
0.585899
1.38217
2.16678
2.2121
3.68491
---------------------------------------------------


ID2:
6.0405
9.34736
10.2501
12.0154
30.3787
---------------------------------------------------


IGFBP2:
18.3815
18.7124
27.3376
30.5938
37.8977
---------------------------------------------------


ITGA6:
0.829083
1.68988
2.50361
3.76948
7.07864
---------------------------------------------------


DANCR:
0.821013
0.838376
0.848622
1.35685
3.73913
---------------------------------------------------


MET:
0.00832591
0.0143894
0.0169416
0.316625
---------------------------------------------------


MYC:
10.3129
11.7018
17.4426
26.0559
---------------------------------------------------


NOS2:
1.12476
1.76891
2.45301
6.74609
12.9912
---------------------------------------------------


PDGFRA:
1.61584
2.33529
2.62465
4.41974
4.83601
---------------------------------------------------


PI3:
0.136474
0.392021
0.409277
4.55449
---------------------------------------------------


TGFBR2:
2.22335
2.57112
3.05308
10.5165
14.3186
---------------------------------------------------


TNFAIP3:
0.174321
0.28801
0.600991
0.808802
1.17673
---------------------------------------------------


PROM1:
0.0349416
0.0582486
0.701327
0.890605
1.3585
---------------------------------------------------


CD44:
0.537476
10.6207
15.0148
19.6752
25.6536
---------------------------------------------------


