OLIG2:
3.49841
4.185
4.46782
5.15
6.4223
8.93549
10.4835
12.2489
19.1729
20.4194
21.5778
---------------------------------------------------


PDPN:
8.55174
10.5025
11.8277
12.1746
12.5438
15.7116
17.0388
23.1922
26.6662
29.9717
31.8698
50.185
---------------------------------------------------


POSTN:
7.22444
8.65968
8.87093
9.45457
11.389
13.772
14.6767
14.896
17.8665
18.849
19.255
25.7111
---------------------------------------------------


EZH2:
2.82691
3.1353
3.56384
3.67664
3.68526
5.28956
6.80221
7.1776
7.72532
12.7675
13.9254
16.5671
---------------------------------------------------


HIF1A:
12.8777
13.7657
15.1398
17.9275
23.8819
26.7748
28.5035
32.4388
37.8215
42.6019
61.0085
75.2325
---------------------------------------------------


BIRC5:
1.24894
1.61369
2.22336
2.35943
2.77671
3.9336
4.09591
4.53416
5.97231
7.30024
12.8705
16.9618
---------------------------------------------------


ID1:
11.0473
11.7165
17.8901
17.9437
21.9869
23.5993
24.6605
24.8325
25.5708
29.6742
30.2812
34.3578
---------------------------------------------------


ID2:
0.809733
2.03025
3.63967
4.8712
9.80316
12.0987
13.6488
16.0543
22.41
32.4603
36.9003
41.5516
---------------------------------------------------


IGFBP2:
2.77151
7.58842
9.52895
13.1355
16.2541
27.3264
30.1165
30.329
32.7843
33.9065
38.8586
41.2127
---------------------------------------------------


ITGA6:
4.27977
5.65266
6.00869
6.2088
6.88493
10.599
10.6678
10.9089
11.8171
16.3237
30.8735
46.1724
---------------------------------------------------


DANCR:
1.58222
1.76292
1.78872
1.87427
2.06999
2.2603
2.2809
4.24368
4.54315
4.59177
5.22041
5.59653
---------------------------------------------------


MET:
0.35641
0.370898
0.496229
0.677138
0.842017
0.966201
1.08393
1.20365
1.24235
1.52276
1.68132
2.20361
---------------------------------------------------


MYC:
11.441
11.9015
14.8756
15.618
17.3288
18.6809
18.7451
19.4606
23.0186
24.4409
26.0896
27.0156
---------------------------------------------------


NOS2:
1.56042
2.1783
2.86814
2.92364
4.24142
4.64283
4.74232
4.97904
5.12609
5.94397
6.6086
12.1169
---------------------------------------------------


PDGFRA:
8.19493
8.69984
9.14315
9.93413
10.4602
10.6199
13.818
15.1936
15.6514
18.6578
19.897
32.5446
---------------------------------------------------


PI3:
0.272865
0.441449
0.54413
0.564805
0.851144
1.55033
1.81536
2.5088
2.78709
2.79032
3.43414
5.08322
---------------------------------------------------


TGFBR2:
9.45807
10.4334
15.9235
16.2697
16.5241
17.8707
17.8988
17.9338
23.3136
25.7111
40.4243
74.5617
---------------------------------------------------


TNFAIP3:
2.04443
2.34242
2.54121
2.68652
3.23792
9.8799
11.3037
12.3293
13.2396
21.3064
23.554
28.7595
---------------------------------------------------


PROM1:
1.16891
1.53362
1.58187
1.79201
1.96714
2.19766
2.33041
2.43389
2.46021
4.75552
5.66222
10.5127
---------------------------------------------------


CD44:
12.1517
16.1668
17.7909
17.9003
19.1159
30.2488
32.059
32.1536
32.2361
35.0435
41.76
45.8308
---------------------------------------------------


