MECOM:
0.0101899
0.0138995
0.0202698
0.0212321
0.0270861
0.0374568
0.0726444
0.100837
0.373689
0.650374
0.793012
0.916021
---------------------------------------------------


OLIG2:
6.86731
7.17645
8.49835
8.85538
10.1856
10.708
11.1084
11.3133
11.9984
12.2443
13.5353
14.3875
16.5382
16.9838
20.927
22.5048
---------------------------------------------------


PDPN:
0.311423
0.384952
0.522706
0.597667
0.622085
1.53536
1.53618
2.20863
2.53264
2.54712
2.59183
4.18105
4.47913
5.04113
5.19267
5.38077
---------------------------------------------------


POSTN:
0.073082
0.0764072
0.0803518
0.083361
0.105924
0.11223
0.172903
0.235012
0.299832
0.310212
0.34007
0.351291
0.368506
0.692265
0.712954
0.764686
---------------------------------------------------


EZH2:
2.65774
2.76664
2.98229
3.01052
3.03387
3.1037
3.5538
3.83121
4.34036
4.98389
5.37565
5.83055
7.30213
7.423
7.68258
14.3296
---------------------------------------------------


HIF1A:
0.568477
0.693687
0.760371
0.887163
0.986462
1.07383
1.46679
1.55501
1.63167
1.82434
1.88493
1.92775
2.28714
2.75876
3.77441
4.93188
---------------------------------------------------


BIRC5:
0.131178
0.190033
0.273982
0.305844
0.317814
0.418453
0.424145
0.428417
0.752276
0.7537
0.770856
0.938865
0.958702
1.20676
1.2085
1.28037
---------------------------------------------------


ID1:
0.501122
0.533835
0.549551
0.657573
0.665474
0.731549
0.842746
0.94403
1.11117
1.11935
1.16339
1.33046
1.66507
1.71769
2.4699
3.20876
---------------------------------------------------


ID2:
5.20143
5.72678
6.29079
7.52055
7.85929
7.98845
8.04256
8.11888
9.45544
10.9096
11.3694
11.6987
11.7403
12.4085
13.1343
13.631
21.0273
---------------------------------------------------


IGFBP2:
7.13292
7.32752
10.0398
11.484
11.5418
11.9871
12.1231
12.554
13.0176
13.1928
14.0552
14.0879
14.7141
15.1329
15.7773
16.5657
---------------------------------------------------


ITGA6:
0.684135
0.68977
0.982277
1.01553
1.02084
1.04078
1.11266
1.38388
1.40928
1.42694
1.45572
1.56234
1.7435
2.34239
2.37724
2.72277
---------------------------------------------------


DANCR:
0.222262
0.241165
0.323646
0.389538
0.439996
0.492719
0.526227
0.52794
0.539511
0.562464
0.648727
0.679751
0.730002
0.738291
1.05912
1.20241
---------------------------------------------------


MET:
0.00838665
0.0161339
0.016783
0.0197589
0.0209104
0.0306118
0.0326643
0.0331332
0.038998
0.050005
0.0565719
0.061701
0.0622468
0.0725529
0.0785276
0.107544
---------------------------------------------------


MYC:
0.839648
1.73747
1.82597
2.42111
3.1082
3.72329
5.13576
5.361
6.82673
7.14656
7.19355
7.605
8.54465
9.43347
10.5954
16.8837
---------------------------------------------------


NOS2:
0.164827
0.338423
0.416469
0.417411
0.608251
0.705147
0.749028
0.778674
0.836149
1.329
1.86586
1.88571
2.48816
2.57903
2.58087
2.84309
---------------------------------------------------


PDGFRA:
8.00663
9.43908
9.57322
10.4711
11.7966
12.5852
12.9973
13.126
14.4389
17.1558
17.2686
19.0371
19.0768
19.1415
21.2459
21.371
---------------------------------------------------


PI3:
0.0282602
0.0356079
0.0690387
0.073511
0.0817824
0.0945104
0.114356
0.11777
0.226649
0.251752
0.268338
0.269495
0.338547
0.44576
0.708456
0.765484
---------------------------------------------------


TGFBR2:
0.168387
0.197673
0.234965
0.24951
0.257217
0.334464
0.360081
0.44189
0.545485
0.591636
0.713954
0.775565
0.870733
0.994754
1.97424
2.78412
---------------------------------------------------


TNFAIP3:
0.159772
0.16263
0.169826
0.173568
0.177577
0.180153
0.198534
0.224997
0.230913
0.253022
0.269367
0.272291
0.307533
0.31296
0.52086
0.608691
---------------------------------------------------


PROM1:
0.188452
0.190255
0.211566
0.267819
0.351726
0.363612
0.371968
0.47626
0.846956
0.972292
1.0255
1.30762
1.78861
2.16862
3.29987
5.50006
---------------------------------------------------


CD44:
2.01017
2.12617
2.33126
2.9165
2.93739
3.11447
3.12028
3.29668
4.10682
4.10876
4.40476
4.48892
4.85961
4.94115
5.92524
6.13187
---------------------------------------------------


