OLIG2:
3.1444
4.39853
6.36698
6.77763
6.96478
8.89623
9.27332
13.846
25.1499
30.6182
32.0147
---------------------------------------------------


PDPN:
18.4903
19.3439
23.3563
28.4222
29.681
31.5856
35.7741
38.0576
40.1596
40.4402
55.6045
---------------------------------------------------


POSTN:
15.4296
20.1057
20.8791
24.7843
27.7297
29.7977
30.3586
33.1889
36.5578
45.6246
53.4896
---------------------------------------------------


MECOM:
0.0342594
0.212181
0.456956
0.791188
1.01791
1.77381
3.06879
3.88754
6.49844
---------------------------------------------------


EZH2:
3.49761
4.13881
5.412
6.06419
6.27417
7.30287
8.85711
13.6509
14.0271
14.7895
16.6483
---------------------------------------------------


HIF1A:
6.34875
21.9047
22.1556
22.8999
27.745
30.1463
34.8735
38.4278
41.3683
46.7237
47.7879
---------------------------------------------------


BIRC5:
0.732439
1.04509
1.418
1.47253
1.79292
1.85186
1.91577
3.66915
4.1481
4.85869
8.78616
---------------------------------------------------


ID1:
8.57596
8.81317
9.64698
10.1239
11.0248
11.0625
11.1702
13.0298
13.4049
15.5416
16.8583
---------------------------------------------------


ID2:
14.1225
16.8681
17.6443
17.767
22.5088
30.9915
31.1358
31.4363
39.7016
42.4664
48.9347
---------------------------------------------------


IGFBP2:
18.421
38.0763
40.238
40.7292
42.2533
43.6519
54.2749
55.078
62.1849
64.0513
80.4262
---------------------------------------------------


ITGA6:
0.366965
0.481772
0.800564
1.02059
1.13338
1.3425
1.44947
1.89498
1.93524
5.59427
6.70468
---------------------------------------------------


DANCR:
3.33915
5.158
5.93041
6.82203
9.21315
10.4314
11.3066
11.6492
12.824
13.0983
22.4682
---------------------------------------------------


MET:
1.41198
2.85285
3.22229
3.3454
3.46528
4.14641
4.1623
5.01631
6.55814
6.89869
7.34877
11.4933
---------------------------------------------------


MYC:
25.6822
26.1518
28.0839
29.479
33.1327
33.5268
36.2581
40.9301
43.6545
48.6939
53.8387
---------------------------------------------------


NOS2:
1.48403
1.90407
3.48466
3.58364
3.65749
4.26424
5.68671
6.00274
6.26911
9.89594
12.7394
---------------------------------------------------


PDGFRA:
2.14918
3.26242
4.18767
6.93785
8.23164
10.5174
11.5593
14.0835
14.3624
17.958
23.3412
---------------------------------------------------


PI3:
2.29878
2.60409
3.85646
5.29367
5.61263
5.69746
11.7103
21.9457
25.9614
30.9822
33.6929
37.2439
---------------------------------------------------


TGFBR2:
6.20325
6.8172
7.6837
8.91173
10.1721
11.077
11.4336
11.4578
14.6143
17.4153
19.1378
24.178
26.8733
---------------------------------------------------


TNFAIP3:
4.9073
5.22288
5.35714
5.91597
7.88124
8.45762
11.8278
11.96
12.694
12.8274
13.3639
---------------------------------------------------


PROM1:
2.16006
2.52761
3.44875
3.92476
4.47086
4.85615
5.4083
7.37157
7.89669
8.71085
9.77886
---------------------------------------------------


CD44:
36.7821
37.7143
40.9602
43.5595
44.9017
46.7968
48.4527
53.3745
60.2807
66.6874
77.1104
---------------------------------------------------


