PDPN:
0.0781259
0.135125
0.254186
0.482042
6.45456
6.87482
7.78751
14.6655
22.3188
---------------------------------------------------


PI3:
0.808133
3.06411
3.73906
3.83268
4.04174
6.60808
8.85874
12.1646
13.8404
---------------------------------------------------


TGFBR2:
2.77962
4.09646
4.58391
7.77363
7.8081
13.1552
15.333
21.2605
21.9682
---------------------------------------------------


CD44:
2.95969
3.6393
11.1692
11.6434
27.4816
29.945
36.0055
45.4641
45.7101
---------------------------------------------------


