BIRC5:
0.0
0.0211498
0.0279582
0.0454791
0.0842048
0.0878964
0.0988596
0.106468
0.118462
0.138361
0.151538
0.499335
0.522262
0.615303
0.812603
1.3504
---------------------------------------------------


DANCR:
0.0
0.11825
0.120072
0.129344
0.136429
0.162708
0.193632
0.433874
0.604232
0.645681
1.30768
1.32492
2.45431
2.54698
2.90606
5.46736
11.1819
---------------------------------------------------


CD44:
2.08626
2.69151
3.18328
3.57363
3.7531
3.94936
4.7016
6.64147
6.86329
8.11496
14.7678
15.0128
15.4531
19.3755
37.7772
46.1565
---------------------------------------------------


MECOM:
0.045193
0.102285
0.122193
0.224773
0.244743
0.354883
0.371522
0.373378
0.473505
0.482215
0.66093
1.24619
---------------------------------------------------


EZH2:
0.217611
0.406754
0.41103
0.41539
0.465957
0.639895
0.687878
0.714912
0.723967
0.894307
0.921542
1.16534
1.26703
1.39718
1.77827
2.39681
22.5783
---------------------------------------------------


HIF1A:
4.22261e-10
0.464902
0.506346
0.659678
0.820497
1.21769
1.45818
1.49757
1.5168
2.13192
2.44346
4.77457
4.99504
6.00696
6.14956
6.6085
11.4837
---------------------------------------------------


ID1:
0.272809
0.355411
0.365062
0.426914
0.516886
0.736401
0.75958
0.852661
0.91135
0.917126
1.21945
1.61471
1.75489
2.16483
3.06369
3.34076
7.5503
---------------------------------------------------


ID2:
3.06509
5.18551
5.873
5.88225
8.22031
8.36346
8.5749
10.4539
10.5855
10.9047
13.893
14.1549
14.5398
15.4458
15.8394
19.3184
27.1487
---------------------------------------------------


IGFBP2:
1.49936
4.35816
6.59358
7.74619
8.90497
14.5683
15.2223
16.4938
16.7522
18.8192
19.0105
23.6767
24.7679
30.4166
32.1165
33.0394
41.9376
---------------------------------------------------


ITGA6:
0.055799
0.0766806
0.299072
0.655682
0.688958
0.869258
1.01014
1.22998
1.6337
1.72813
1.77415
2.24393
2.72368
3.30697
3.65338
4.50857
33.9799
---------------------------------------------------


MET:
0.0
0.022979
0.0322243
0.0371845
0.0538571
0.0597973
0.0662998
0.0955578
0.103285
0.16308
0.208597
0.267874
0.288
0.373953
0.409073
1.52729
7.04442
8.43254
---------------------------------------------------


OLIG2:
1.10569
1.32783
1.52779
1.63432
2.44402
2.85833
2.92317
3.42407
3.4309
4.34271
5.85347
5.8689
6.79855
7.68537
9.10896
12.1532
12.318
---------------------------------------------------


PDPN:
0.189997
0.488023
0.562338
0.579218
0.906122
1.58761
1.75139
1.869
2.03484
3.13449
3.1363
3.38758
3.62914
6.50284
9.65265
11.8452
33.1469
---------------------------------------------------


POSTN:
8.67927e-09
0.124343
0.146019
0.158591
0.255888
0.315633
0.441627
0.441694
0.616122
0.627001
0.74839
0.854964
0.967268
1.10756
1.54063
1.73062
1.98776
---------------------------------------------------


MYC:
0.208316
0.828164
1.33711
1.45328
2.61752
2.92442
4.16632
4.19089
4.4088
4.6973
5.78972
5.83242
5.99103
6.12376
11.8772
14.1589
29.9887
---------------------------------------------------


NOS2:
0.0
0.146471
0.192266
0.209336
0.271567
0.322727
0.329717
0.383066
0.385182
0.512032
0.92416
1.15053
1.23881
1.26203
2.40841
2.75732
7.87345
---------------------------------------------------


PDGFRA:
0.0
0.324813
0.430376
0.55476
0.637651
0.780827
1.00946
1.16131
1.22067
1.30387
1.35501
2.17707
2.29195
2.65064
4.0255
7.88014
15.2602
---------------------------------------------------


PI3:
0.0
0.0667589
0.154594
0.283362
0.290052
0.30835
0.344916
0.375711
0.573227
0.847591
0.993232
1.99815
2.38768
3.25807
6.23086
9.19379
15.2131
21.0097
---------------------------------------------------


TGFBR2:
0.170203
0.231535
0.246513
0.373833
0.560107
0.631012
0.737625
0.847318
0.950464
0.965647
0.976712
1.00384
1.01437
1.16753
1.66313
2.79651
5.98478
11.6312
---------------------------------------------------


TNFAIP3:
0.0580136
0.194605
0.207502
0.4413
0.505515
0.549284
0.708051
0.91272
0.935907
0.949237
1.04154
1.04496
1.66835
4.70691
5.01152
24.1917
---------------------------------------------------


PROM1:
0.24071
0.689487
1.61455
1.61925
1.76367
1.90801
2.26972
2.37706
3.51829
5.18251
8.0205
8.95232
13.8941
14.6699
14.8751
15.8824
39.5516
---------------------------------------------------


