OLIG2:
0.757111
19.6672
28.2568
30.4238
57.7205
59.2939
---------------------------------------------------


PDPN:
0.758106
2.72729
2.7413
3.55715
7.53786
7.89305
---------------------------------------------------


POSTN:
0.976277
1.31781
1.38378
2.61187
3.27032
6.96152
---------------------------------------------------


MECOM:
0.31396
0.709081
0.84909
---------------------------------------------------


EZH2:
0.0
1.76943
2.51382
3.43787
6.26537
9.187
---------------------------------------------------


HIF1A:
18.9102
19.5504
20.9184
22.4631
36.7194
43.6062
---------------------------------------------------


BIRC5:
0.449463
1.40383
1.94714
2.00965
2.61092
7.27188
---------------------------------------------------


ID1:
0.564114
1.26326
1.55311
2.72391
2.92354
5.97319
---------------------------------------------------


ID2:
4.97457
6.28094
8.83693
9.68452
14.538
15.433
---------------------------------------------------


IGFBP2:
20.053
24.801
26.5954
36.9277
46.3912
69.6491
---------------------------------------------------


ITGA6:
1.08756
1.09517
1.17289
1.91854
3.17132
6.16695
---------------------------------------------------


DANCR:
0.955267
1.81318
3.23668
3.58363
5.27987
6.20505
---------------------------------------------------


MET:
0.0
0.0383246
0.045422
0.0546162
0.105478
0.313275
---------------------------------------------------


MYC:
3.54668
7.42844
14.3507
15.0983
19.8464
57.5834
---------------------------------------------------


NOS2:
2.28959
2.35858
3.11098
4.0903
7.64915
14.2782
---------------------------------------------------


PDGFRA:
2.25008
2.74122
3.44835
5.4722
6.34354
9.0032
---------------------------------------------------


PI3:
0.275435
0.579009
0.623297
0.674456
0.849244
5.12668
---------------------------------------------------


TGFBR2:
2.99798
4.18848
4.81908
4.88999
6.58067
15.0335
---------------------------------------------------


TNFAIP3:
0.00885446
0.169834
0.328789
0.331476
0.852142
0.970318
---------------------------------------------------


PROM1:
0.0
0.117928
0.822176
1.88466
2.62542
2.92132
---------------------------------------------------


CD44:
8.69688
11.1632
21.609
26.2724
26.5172
41.8362
---------------------------------------------------


