OLIG2:
0.354603
1.0562
1.20524
1.66054
2.23475
3.83227
3.84207
4.2368
4.68078
4.72592
5.26435
5.47581
6.30223
7.12228
7.94382
8.01936
8.0643
8.61642
12.0283
18.0215
20.5971
---------------------------------------------------


PDPN:
0.733978
3.42508
4.16662
6.81289
7.80666
8.73598
10.2138
11.2663
11.7575
12.8728
14.1459
14.4866
16.5113
18.278
18.8368
19.6457
20.9699
28.019
30.0185
30.6372
34.4564
---------------------------------------------------


POSTN:
0.0
1.90298
2.63728
3.34937
4.24105
4.38096
4.4232
4.65807
4.75895
4.77817
5.85077
5.85667
6.33958
6.97808
7.01339
8.66795
9.29265
9.49716
9.70863
10.0232
13.4665
---------------------------------------------------


MECOM:
0.706677
0.75102
0.775169
1.03715
1.0605
1.72704
1.90838
1.93182
2.37143
2.67365
3.56031
4.26622
---------------------------------------------------


EZH2:
0.844498
1.20165
1.91338
2.13235
2.3228
2.43412
3.72706
3.8385
4.13328
4.15651
7.07645
7.37854
7.4828
7.49689
7.58304
7.62625
7.66765
8.42481
8.75615
16.3978
16.9377
---------------------------------------------------


HIF1A:
3.5424
3.9702
6.00167
6.41552
6.66761
6.94327
7.19545
7.42263
9.19242
10.1244
10.4857
11.7058
11.9925
12.1451
13.249
13.6628
13.9273
16.2279
18.7497
22.2724
34.5685
---------------------------------------------------


BIRC5:
0.233128
0.248723
0.356671
0.416519
0.456454
0.483137
0.504011
0.710264
0.756824
0.777335
1.0191
1.08994
1.29758
1.71125
1.72519
1.77991
1.83766
1.89206
1.99104
3.14242
8.30314
---------------------------------------------------


ID1:
0.698789
1.15152
1.19405
1.45868
1.98152
2.17406
2.19535
2.67179
3.17405
3.38518
3.41451
3.48673
3.71143
3.72889
3.85392
3.96693
4.69996
4.86242
5.18224
6.1188
6.82687
---------------------------------------------------


ID2:
1.12654
2.78522
2.97031
3.55073
4.0147
6.41544
7.2981
9.74767
9.83211
11.0918
11.5667
13.1092
13.2367
13.3346
14.2549
15.6938
16.5185
21.4889
23.4114
27.3988
29.2776
---------------------------------------------------


IGFBP2:
12.2788
12.4581
13.6938
14.9747
15.061
16.8985
18.5388
18.7795
19.2585
19.8373
21.2486
24.9711
26.8391
28.276
30.3417
30.482
38.2007
38.8233
39.0901
39.5951
40.6758
---------------------------------------------------


ITGA6:
0.656402
0.715807
0.765861
0.842102
0.899118
1.06117
1.09203
1.13091
1.1507
1.18062
1.22728
1.28928
1.61933
1.62461
1.63413
1.65384
1.74173
1.97608
3.33603
3.99596
4.91453
---------------------------------------------------


DANCR:
0.274324
1.05123
1.07586
1.52155
1.52625
1.53107
1.82855
1.83676
2.04437
2.22781
2.59455
2.81205
3.70987
4.03604
4.35377
4.6216
4.6477
4.94372
5.79201
6.43288
7.56486
---------------------------------------------------


MET:
0.0160253
0.02046
0.150138
0.183871
0.186083
0.200157
0.227845
0.233886
0.236719
0.247025
0.253009
0.330781
0.386095
0.397597
0.55823
0.5835
1.31813
1.42634
1.57518
6.17924
6.45189
9.1883
---------------------------------------------------


MYC:
3.80674
5.15642
5.79024
6.85394
8.2052
9.09192
10.0153
10.9342
11.5893
11.9482
12.1225
12.2645
13.3299
13.8894
14.2219
16.721
19.2522
21.0225
21.5737
24.0003
27.2114
---------------------------------------------------


NOS2:
0.259664
0.590928
1.62285
1.90914
1.98141
2.15328
2.24587
2.39415
2.60499
2.83992
3.30254
3.4631
3.59169
3.6008
3.72563
4.6436
4.65515
4.79929
8.06223
8.09135
9.20923
---------------------------------------------------


PDGFRA:
0.879443
1.54006
1.63241
2.23069
3.06315
3.96596
4.00636
4.34418
4.56945
5.208
5.21709
5.68575
6.35906
7.18523
7.4922
7.92916
8.07317
12.2842
14.2548
18.4951
23.805
---------------------------------------------------


PI3:
0.0466607
0.0907287
0.107623
0.278034
0.392411
0.443647
0.608254
0.618624
0.711466
0.901108
1.07591
1.30104
1.30531
1.56561
1.62349
1.7941
2.12877
2.28961
2.52135
3.4524
5.43387
---------------------------------------------------


TGFBR2:
1.94676
3.52331
4.71569
5.96794
6.82291
8.26304
8.57316
9.61491
10.2508
10.3356
10.3756
10.5495
11.007
12.3055
12.636
13.6978
13.9901
14.6842
14.8294
15.1594
15.4969
17.7079
---------------------------------------------------


TNFAIP3:
0.268876
0.958416
1.50806
1.55599
1.72316
1.82104
1.92126
1.93307
1.93536
2.46048
2.52844
2.73711
3.63808
3.73264
4.17744
4.67131
6.07114
7.36232
7.59209
12.2243
13.345
---------------------------------------------------


PROM1:
0.670715
0.952126
0.997004
1.0813
1.13792
1.17526
1.24378
1.36142
1.54959
1.84584
2.14745
3.0737
3.22779
3.33022
3.58618
3.83112
4.01076
4.41001
4.89613
5.06834
8.51512
---------------------------------------------------


CD44:
11.4616
13.0512
13.5116
16.9368
19.4488
21.4131
24.2059
25.0652
26.2406
26.6984
26.707
27.9583
29.0086
29.8145
29.8892
38.3873
40.6626
44.6816
45.0707
48.9324
51.4421
---------------------------------------------------


