OLIG2:
2.23306
2.48941
3.76031
3.93643
5.2184
5.50341
5.83379
6.55206
6.64787
7.19818
7.58794
8.06133
8.58547
9.54852
---------------------------------------------------


PDPN:
2.34183
2.82698
4.22131
4.34766
4.72049
7.08917
7.23816
9.96217
10.0335
13.2748
15.9488
16.6173
18.5147
25.7393
55.3275
---------------------------------------------------


POSTN:
0.175511
0.231605
0.480474
0.480539
0.530687
0.975592
1.02594
1.05357
1.29671
1.63476
1.65285
3.43465
4.09733
4.72031
---------------------------------------------------


MECOM:
0.0522173
0.103151
0.189288
0.199533
0.288979
0.469809
0.696808
0.78556
0.886074
1.63373
---------------------------------------------------


EZH2:
1.06567
1.26726
1.38047
1.41948
1.47617
1.55633
1.61413
2.33122
2.63166
2.70756
2.95707
3.52695
4.42286
7.73677
---------------------------------------------------


HIF1A:
0.789753
0.95342
1.30266
1.40031
1.48904
1.83693
1.94126
2.78433
3.06857
3.33739
3.68804
4.59301
7.6904
15.9402
---------------------------------------------------


BIRC5:
0.0409361
0.0974863
0.105344
0.150339
0.171697
0.174487
0.241563
0.259965
0.271696
0.295899
0.456699
0.806058
0.955789
2.99472
---------------------------------------------------


ID1:
0.466824
0.628306
0.701034
0.814119
0.83809
0.842138
1.039
1.23906
1.78113
2.1388
3.55084
4.01438
6.45839
6.82832
---------------------------------------------------


ID2:
0.834263
1.26048
5.27863
6.44598
6.58315
8.48515
10.3803
11.3061
11.4416
12.5777
13.7549
13.9074
24.6691
25.3771
---------------------------------------------------


IGFBP2:
0.615547
1.79262
3.36328
9.10148
9.10345
10.6763
10.7058
11.7513
12.1253
14.491
17.2473
22.9968
43.1746
45.5196
---------------------------------------------------


ITGA6:
0.13355
0.16424
0.208049
0.236887
0.252643
0.279537
0.304257
0.313846
0.327752
0.850481
0.900855
1.07173
1.17769
2.53
---------------------------------------------------


DANCR:
0.0698383
0.111928
0.20254
0.263715
0.27661
0.308346
0.310668
0.404832
0.631638
0.827284
0.914233
1.03297
1.88418
2.13438
---------------------------------------------------


MET:
0.00309755
0.02898
0.038337
0.0391814
0.0423987
0.0514926
0.0563518
0.0758583
0.218582
0.228862
0.243316
0.465401
1.50448
2.36214
---------------------------------------------------


MYC:
1.63526
2.30802
2.93404
5.22705
6.23396
7.32446
7.38504
7.55954
10.0097
10.0503
10.3239
10.9362
21.2995
29.8668
---------------------------------------------------


NOS2:
0.157627
0.332996
0.336573
0.537021
0.817862
1.18034
1.30002
1.35929
1.67156
2.39489
2.86722
3.67982
3.8909
4.96885
---------------------------------------------------


PDGFRA:
3.85534
5.50681
7.88947
8.38271
8.88944
9.13191
10.1735
10.9727
12.0033
12.5835
12.8123
13.6528
15.5942
18.0761
---------------------------------------------------


PI3:
0.0406532
0.0410864
0.156591
0.161541
0.238152
0.259951
0.431034
0.464493
1.04192
1.05162
1.06844
1.16983
2.79729
10.0524
---------------------------------------------------


TGFBR2:
0.085874
0.2014
0.236939
0.297317
0.314984
0.354376
0.883742
1.01016
1.28482
1.56516
1.5845
1.65841
5.79705
7.0816
---------------------------------------------------


TNFAIP3:
0.0779581
0.0901922
0.216846
0.232859
0.272815
0.273195
0.302707
0.345127
0.35099
0.377565
0.409071
0.432341
1.7893
3.60554
---------------------------------------------------


PROM1:
0.765847
0.892643
1.06756
1.38671
1.43325
1.52428
2.76526
2.76872
3.90291
4.24401
4.2797
6.50828
7.33812
8.21676
---------------------------------------------------


CD44:
3.80526
4.33903
5.20398
5.79657
5.82926
8.26498
8.72701
10.0089
10.3463
11.8232
12.0623
19.0752
26.8487
46.3338
---------------------------------------------------


