OLIG2:
3.19564
3.72697
4.34249
6.68999
6.76981
8.0456
8.48926
8.9044
10.7909
11.2982
11.7632
12.6653
18.8502
25.3786
---------------------------------------------------


PDPN:
0.00351615
0.0236952
0.0291622
0.0417767
0.0685113
0.233866
0.261939
0.282767
0.298153
0.407656
0.584561
2.86137
21.984
---------------------------------------------------


POSTN:
0.209798
0.314732
0.421738
0.484174
0.60256
0.637112
0.691555
0.730922
0.773528
1.04889
1.16871
1.45744
1.45967
10.6551
---------------------------------------------------


MECOM:
0.00147383
0.00618915
0.00637221
0.00690318
0.00720349
0.00977133
0.0113807
0.0130267
0.0143917
0.0183372
0.0343889
0.0413652
0.15207
0.156332
0.245795
0.450346
0.660163
0.755546
0.857283
1.03383
1.2831
1.37565
1.76824
6.23682
---------------------------------------------------


EZH2:
2.05528
2.77882
3.12893
3.29786
4.1283
4.25254
4.27739
4.37933
4.7736
5.53354
6.34129
7.60387
7.89437
---------------------------------------------------


HIF1A:
0.934459
1.94201
3.24686
9.44922
9.46794
10.6597
11.7592
13.2642
13.6071
14.384
15.1562
20.8655
26.5917
35.9128
---------------------------------------------------


BIRC5:
1.0629
1.39025
1.91402
1.93808
2.84443
3.0185
3.44108
4.46047
5.2887
6.05642
6.53006
7.82392
9.0824
---------------------------------------------------


ID1:
6.43272
7.83191
8.8076
9.80182
10.1243
11.1799
12.3857
12.6941
13.8424
13.9098
15.3807
24.3167
31.6165
---------------------------------------------------


ID2:
3.1555
3.48729
6.55001
11.4329
11.7944
15.0074
18.3903
19.1408
21.8088
22.7388
23.6028
33.4502
---------------------------------------------------


IGFBP2:
4.064
4.26575
8.5215
8.52705
8.60955
8.85891
9.93407
10.3338
13.1092
13.1686
13.8339
14.8648
17.9221
21.2423
44.7832
---------------------------------------------------


ITGA6:
1.33847
1.63301
1.87826
3.38982
3.73156
3.83023
4.19499
4.21228
4.37646
4.59765
8.03934
10.8791
17.9744
---------------------------------------------------


DANCR:
0.728671
1.06194
1.14972
1.4653
1.78186
1.86584
2.51882
2.83213
3.07262
3.29148
3.69003
3.80799
6.23123
---------------------------------------------------


MET:
0.199891
0.378393
0.50066
0.523932
0.633913
0.819763
1.22758
1.49922
1.69198
1.93005
2.2701
2.90955
3.7511
---------------------------------------------------


MYC:
6.10394
7.99116
8.02795
9.35861
10.4302
11.0841
12.4291
12.4554
13.2751
13.4795
13.7858
13.8546
17.6286
22.3709
---------------------------------------------------


NOS2:
0.570406
0.674662
0.753389
0.921046
1.26284
1.28811
1.48189
1.99908
2.04437
2.05765
2.24011
3.14096
3.57497
---------------------------------------------------


PDGFRA:
0.0973897
1.0505
1.43081
1.48658
2.09559
2.11161
2.53918
2.97131
3.0949
3.22317
4.83858
6.64971
8.58748
18.5456
---------------------------------------------------


PI3:
0.0406837
0.122217
0.155775
0.178206
0.251174
0.273397
0.672828
0.733545
0.853467
1.32878
1.59668
1.84028
2.02101
---------------------------------------------------


TGFBR2:
0.160995
1.90859
2.85708
2.96269
4.57816
4.99669
5.89659
6.01398
6.97446
7.62382
8.15627
9.76306
13.1082
19.0611
---------------------------------------------------


TNFAIP3:
0.104842
4.4607
4.99189
5.86968
8.85283
9.13231
13.0156
13.4347
15.2265
16.1098
17.828
18.0146
18.4678
19.1359
---------------------------------------------------


PROM1:
1.19474
1.22289
1.56284
1.61746
2.01297
2.39183
2.45949
2.46273
2.54499
2.8697
2.96178
4.40492
5.52472
6.63801
---------------------------------------------------


CD44:
2.62733
9.30459
10.654
12.5526
16.0638
16.3069
18.9946
19.0993
21.8761
22.4137
23.0741
24.0804
31.872
33.9194
---------------------------------------------------


